"n" "rep" "id" "b0_mu_hat" "b1_mu_hat" "g0_si_hat" "g1_si_hat" "error" "errorMessage"
200 24 1 1.27171482932973 -3.21652095748975 0.970372266362635 -1.61783759821432 FALSE ""
200 70 2 NA NA NA NA FALSE ""
200 60 3 NA NA NA NA FALSE ""
200 89 4 1.11167433826506 -3.1250448232352 1.02704231965392 -1.95050898096198 FALSE ""
500 49 5 1.16559654640835 -2.8841643391702 1.10870153274613 -1.67684691791005 FALSE ""
100 62 6 10.4095809809464 -1.74651274939264 10.8162697404937 -0.363064526266285 FALSE ""
500 79 7 1.18250965516689 -3.23880521986571 1.15243809584889 -2.19999725805278 FALSE ""
700 2 8 11.7412826304088 -1.57152176684269 12.2191312677784 -0.382440247843014 FALSE ""
800 51 9 1.24229461884122 -3.07917592429686 1.34152939221505 -2.05659385283501 FALSE ""
700 61 10 1.28406002828188 -2.72636777322851 1.40961120110747 -1.93716148895055 FALSE ""
1000 44 11 1.15060688333676 -2.98349286466238 1.13365311581506 -1.70136667484727 FALSE ""
500 65 12 1.34625534905543 -2.97056525783419 1.37947490518123 -1.88236600506761 FALSE ""
700 87 13 1.17258228419202 -2.9906359113564 1.4609727539045 -2.41980424076953 FALSE ""
1000 30 14 1.16620044697717 -2.71785635836982 1.30344721211081 -1.81487795150855 FALSE ""
200 23 15 0.8803169464469 -2.12515814558277 1.03196602029051 -2.12200842308387 FALSE ""
1000 67 16 1.10686736353517 -2.89838086625325 1.11478181872046 -1.85149348296801 FALSE ""
100 72 17 NA NA NA NA FALSE ""
100 51 18 1.38869125090323 -3.63154845232131 1.30388971659582 -2.01266896143505 FALSE ""
900 83 19 1.16580873497677 -2.89592226726768 1.24309548736691 -2.15034008184269 FALSE ""
900 44 20 1.22994937822936 -3.00144701789871 1.33274256580345 -2.18812925047392 FALSE ""
200 33 21 1.10195945682692 -2.76437762057277 1.55409206391838 -2.849217038201 FALSE ""
600 17 22 1.24084847288387 -3.66278546614556 1.3483892630898 -3.03015311638617 FALSE ""
900 91 23 1.17924853236191 -2.88343847735263 1.10008542891037 -1.81819737383184 FALSE ""
600 29 24 1.38740365826626 -2.83466072532247 1.52095922223202 -1.73682722314778 FALSE ""
200 8 25 0.951587233216384 -2.49187502303538 1.27913282866501 -2.2859244342035 FALSE ""
400 67 26 1.11124397585081 -3.47717245408561 0.776387314986245 -1.75457217263225 FALSE ""
400 87 27 1.1941140635482 -3.17137187775507 1.33602458846062 -2.59744818083379 FALSE ""
200 19 28 NA NA NA NA FALSE ""
1000 86 29 9.6912767046855 -1.46750977529161 10.2839636218407 -0.555744522264031 FALSE ""
900 45 30 1.34083645501803 -2.96578627663163 1.50512313466488 -1.91833259154482 FALSE ""
300 56 31 NA NA NA NA FALSE ""
500 22 32 1.07647961318016 -3.10007078212704 1.46344757943965 -2.6408243390217 FALSE ""
600 4 33 1.30367261363027 -2.934862929671 1.26553080073907 -1.71698013237561 FALSE ""
1000 15 34 1.24861809903204 -2.54734786171187 1.45582263179501 -1.83892157773586 FALSE ""
1000 92 35 1.08665863108812 -3.18043548769751 1.01339852455582 -2.0710418068435 FALSE ""
500 34 36 1.05723775917033 -2.65910733754762 1.13006158621585 -2.0468091089013 FALSE ""
800 36 37 1.37716034606792 -3.26458198260936 1.37126238408039 -1.91484586481925 FALSE ""
500 30 38 5.76735600019732 -1.67985533733296 6.32541111888094 -0.528237298069374 FALSE ""
500 88 39 1.01682862952334 -2.77659743597423 0.732486496665619 -1.13777756084727 FALSE ""
800 100 40 1.15060397661409 -3.39522783203913 1.10641265348168 -2.40717501559405 FALSE ""
400 43 41 1.20364238467491 -3.27776683662112 0.983134041573734 -1.79236492687089 FALSE ""
100 75 42 1.04778167631765 -2.63158930084845 0.803410982553462 -1.16463366402345 FALSE ""
900 10 43 1.07308679282936 -3.09857975144282 1.15271756987478 -2.43262896427836 FALSE ""
700 24 44 1.16496386399026 -2.95738877548055 1.45815190870193 -2.54977168144442 FALSE ""
700 53 45 NA NA NA NA FALSE ""
300 97 46 NA NA NA NA FALSE ""
500 25 47 1.26305859154702 -2.94271617485283 1.18229239389435 -1.76857336664568 FALSE ""
300 63 48 NA NA NA NA FALSE ""
700 8 49 1.27900433635349 -3.05386199676804 1.45285704512954 -2.3707809750308 FALSE ""
300 71 50 1.24158388075143 -3.264021407427 1.36049860132231 -2.6020777964028 FALSE ""
500 89 51 1.11649665094672 -2.92096160411359 1.11970593355037 -1.97743522471553 FALSE ""
700 20 52 1.29615745944817 -3.06222814821674 1.31349781699855 -1.94890440563804 FALSE ""
900 47 53 1.30808860920583 -2.84389222753507 1.42189914915302 -1.75129104768291 FALSE ""
700 23 54 1.33392701451008 -2.75418796376753 1.53326454367082 -2.09929243117631 FALSE ""
800 97 55 1.11359353263321 -3.0083098285032 1.30218219967207 -2.52133587005285 FALSE ""
300 37 56 1.06410080182131 -3.51826055607573 0.751010376520327 -2.07664811246853 FALSE ""
400 64 57 1.05479134015894 -2.9308927963564 1.03781259459454 -1.86007695919997 FALSE ""
900 65 58 1.21285251870893 -3.00522816388531 1.48243629854248 -2.31011455779861 FALSE ""
400 81 59 1.26280414801158 -3.33741628334354 0.976377232583994 -1.71131750531297 FALSE ""
1000 31 60 1.25431463044539 -3.15034272456601 1.1172227847976 -1.79329756273979 FALSE ""
500 87 61 1.1798036659983 -3.10604516291849 1.05367207367535 -2.02489316639558 FALSE ""
700 30 62 1.21725728000138 -2.86011071433343 1.40392075690752 -1.95092584299262 FALSE ""
600 83 63 1.22610815105121 -3.13186514487553 0.879854075381004 -1.47239424259954 FALSE ""
300 42 64 1.1961336486799 -3.06269352087266 1.29561981178014 -2.28941664220613 FALSE ""
1000 2 65 NA NA NA NA FALSE ""
300 78 66 NA NA NA NA FALSE ""
300 82 67 NA NA NA NA FALSE ""
200 2 68 1.30206015647529 -3.05964048588355 1.03451369178685 -1.48510585536831 FALSE ""
800 89 69 1.06193437386904 -3.48591716684192 0.829517974847869 -1.92113918774049 FALSE ""
700 44 70 1.16680434820986 -3.44352059504816 1.40688546830175 -2.93637286000917 FALSE ""
600 35 71 1.27871689255434 -2.95941048500163 1.4258261418558 -2.00451990738189 FALSE ""
200 80 72 1.16328796049991 -2.81272439891177 1.74300807255253 -3.21543021364385 FALSE ""
200 49 73 1.02700141294706 -3.2917837933486 0.882544225704253 -2.5126184967428 FALSE ""
600 11 74 1.12311123285239 -2.83339840136551 1.07019070965168 -1.71945381153544 FALSE ""
400 82 75 1.24495844437026 -3.02861612488192 1.38743360539999 -2.31506857373926 FALSE ""
500 81 76 1.05307074886817 -2.92821008936823 0.947971370427474 -1.59907362687176 FALSE ""
600 86 77 1.29693027157338 -3.15690598235976 1.50285522597823 -2.44419904415454 FALSE ""
100 21 78 4.63457997971678 -1.26798199614779 5.19339492471472 -0.487095137090441 FALSE ""
300 16 79 1.16817096335327 -3.27277697903529 1.09063062477989 -2.25887854751094 FALSE ""
600 49 80 1.20111252598871 -2.73171197629595 1.16944537843736 -1.8498997612975 FALSE ""
300 91 81 1.14201415716779 -2.92811005535991 1.29856035903771 -2.35697798452058 FALSE ""
800 29 82 0.988795095387584 -3.24210048805087 0.987244044601133 -2.40247536107339 FALSE ""
900 28 83 1.24934042070944 -2.97471711394679 1.3378817099859 -2.0669642648553 FALSE ""
100 76 84 NA NA NA NA FALSE ""
200 82 85 6.93073298291182 -1.59307209522342 7.54852244344896 -0.646646902001812 FALSE ""
900 74 86 1.12725420188022 -2.80311953149059 1.2624713994322 -1.96560983715904 FALSE ""
900 85 87 1.25688861956301 -3.04871095432617 1.37344059067063 -2.0840899272649 FALSE ""
500 64 88 1.27300402434328 -2.95045480612142 1.31424948442722 -1.9023775697095 FALSE ""
500 14 89 1.15415621313025 -3.16060107682518 1.14820333378678 -2.3351949719004 FALSE ""
100 54 90 1.14777331002359 -2.47021114182475 1.82847882983958 -2.67396293810903 FALSE ""
500 58 91 1.26308921449681 -2.79090327006628 1.42744417703038 -2.12845753768097 FALSE ""
100 28 92 0.934948843697691 -2.78240386369509 1.23321304004292 -2.8357192581131 FALSE ""
100 15 93 1.41288662789961 -2.54049796491319 1.6206967555975 -1.52573554934996 FALSE ""
300 81 94 1.26557053683259 -3.14437775425763 1.76142904012286 -2.909860822546 FALSE ""
800 15 95 1.27219894963871 -2.60241707262477 1.44009416754936 -1.66085911702432 FALSE ""
700 22 96 1.27653049844885 -2.9132594453741 1.14102996088951 -1.6032920182843 FALSE ""
500 40 97 1.03608915283031 -2.91102983051218 1.10579998484946 -2.07302226726097 FALSE ""
700 25 98 1.27093147422435 -2.76820316811458 1.08681825893444 -1.35143572561417 FALSE ""
100 95 99 1.51374503956495 -3.95213551214796 1.00964174411827 -1.95961635926346 FALSE ""
500 74 100 1.20376351258772 -2.70233753663443 1.05604562384167 -1.48096173797835 FALSE ""
500 42 101 1.24123694901286 -2.94048751370597 1.40328961472984 -1.89325642108603 FALSE ""
400 40 102 NA NA NA NA FALSE ""
800 63 103 1.3519774294487 -3.06582319304669 1.38910094030018 -1.84449988513915 FALSE ""
400 73 104 1.12263302844301 -3.16439888008662 0.967911934746041 -1.93204799661846 FALSE ""
900 93 105 0.907850623191111 -3.35499097974382 0.885207788966946 -2.45407329718566 FALSE ""
200 45 106 1.15672363464516 -3.53826686693142 1.45420481853863 -2.85558579322949 FALSE ""
400 28 107 1.18736485780533 -3.11342053562311 1.2381187073759 -2.2430242780996 FALSE ""
800 14 108 1.20618347702692 -2.72996116270365 1.42671407096738 -2.00644156841669 FALSE ""
100 68 109 1.38202972181187 -2.69027417394891 1.28089017114313 -1.67773829202641 FALSE ""
800 6 110 1.27516917995027 -3.06831884299192 1.40283415147453 -2.10121436651503 FALSE ""
1000 74 111 1.19450493367331 -3.02883487244681 1.14597554412984 -1.84941922719796 FALSE ""
300 34 112 1.05511312821243 -2.78039001657721 1.2511835205878 -2.3119152934735 FALSE ""
300 52 113 1.1216391085555 -3.57179726822106 0.975326328245875 -2.1574806263522 FALSE ""
100 1 114 1.40695349260311 -2.75330949621666 1.5000685220862 -1.65364010870991 FALSE ""
400 90 115 NA NA NA NA FALSE ""
1000 14 116 1.2367182358441 -3.14943673201028 1.33634495104138 -2.18633465466116 FALSE ""
800 81 117 1.22066115671531 -3.55726339795707 1.20759529100395 -2.19285530101146 FALSE ""
900 72 118 1.10484352006554 -2.98393752118247 0.995387346481205 -1.90803310172543 FALSE ""
900 98 119 1.32081827286981 -2.88738743615287 1.2655637760887 -1.6169710762371 FALSE ""
900 2 120 1.11576560079024 -2.80978044763594 1.19216159576894 -1.82670879119617 FALSE ""
400 92 121 1.01387965457604 -2.85888127243193 1.04798887798436 -1.96335428850247 FALSE ""
200 72 122 1.16677475637841 -3.5136828865298 1.19608776825041 -2.43624829304252 FALSE ""
100 56 123 0.870918568935131 -3.97773714336705 0.132044019188953 -2.38004732318534 FALSE ""
900 46 124 1.27063973678711 -2.9781873637422 1.31070665266809 -1.90815074258514 FALSE ""
500 61 125 1.16752997193102 -3.03055484114669 1.35296348884603 -2.21132328978613 FALSE ""
700 78 126 1.2133973032249 -3.25391774086931 1.07391864469453 -2.09858508413351 FALSE ""
500 60 127 1.19292407044622 -2.68254170818012 1.06575999960405 -1.52850667099237 FALSE ""
800 99 128 1.32576069215715 -2.82939740737835 1.49433211036595 -1.99711178161686 FALSE ""
800 65 129 1.16125701880863 -2.77312242301693 1.08949514672382 -1.65250722243638 FALSE ""
700 10 130 1.26735794500824 -3.00456245640523 1.26797175483623 -1.81197315733282 FALSE ""
1000 47 131 1.23680982546349 -3.09345008909556 1.09406698823418 -1.79829895335157 FALSE ""
200 31 132 1.09078509915953 -3.12118053937668 0.901895233756713 -2.08733717856601 FALSE ""
600 77 133 1.34541260272321 -3.01539991452998 1.36255691303151 -1.78830711809919 FALSE ""
1000 52 134 1.23727123906978 -2.85806523108506 1.31782405964965 -1.92499418176301 FALSE ""
800 72 135 1.24279875114562 -2.95652277353347 1.04550409738643 -1.50498368924154 FALSE ""
100 11 136 11.3159568166639 -1.41533022699877 11.8425967005566 -0.296166460136175 FALSE ""
500 100 137 1.28844079027084 -2.61508512517925 1.46279994168725 -1.77921369758491 FALSE ""
600 25 138 6.1458679706214 -1.37989862821147 6.72247832503301 -0.545627607348669 FALSE ""
900 15 139 1.1006824379971 -3.06651543699991 1.13921453145543 -2.20719339423526 FALSE ""
1000 42 140 1.34768431671915 -2.98819773044392 1.469696636537 -2.08593096601818 FALSE ""
300 93 141 1.15830101472942 -3.27423413312783 1.18160014402708 -2.75188967967133 FALSE ""
800 8 142 1.09134579567343 -3.0529016077608 0.935293201303115 -1.77235989371421 FALSE ""
800 33 143 1.27070623949686 -2.89999989390339 1.36505989832477 -1.88513912088868 FALSE ""
800 46 144 1.22176151700222 -3.13459666429424 1.17194087589807 -1.84387120312435 FALSE ""
400 72 145 NA NA NA NA FALSE ""
200 35 146 3.25476501368985 -1.73189410279516 3.82378786290626 -0.723104762220689 FALSE ""
300 84 147 1.02504602135477 -2.8636711059815 1.15050322534595 -2.32654970472657 FALSE ""
500 28 148 1.27963964176185 -3.28492883325346 1.09797411772751 -2.03495642620057 FALSE ""
900 89 149 1.09490201418138 -2.91537042078511 1.28095248418945 -2.16857832425642 FALSE ""
600 61 150 1.18570764334401 -3.13401057285854 1.1710733589756 -1.90780359809366 FALSE ""
700 67 151 NA NA NA NA FALSE ""
500 57 152 1.02198146127236 -3.23682129466277 1.13923760309053 -2.48910552417461 FALSE ""
900 62 153 1.26665422443999 -2.83827150930881 1.36634362873196 -2.00582539177266 FALSE ""
600 59 154 1.206715294577 -2.95787802925468 1.33488418076542 -2.07179031901673 FALSE ""
300 54 155 1.08787446036306 -3.84817702894465 1.18158126035037 -2.60066871196499 FALSE ""
700 76 156 1.17595466752194 -3.19736511768492 1.30179109363994 -2.56456013445857 FALSE ""
400 86 157 13.1025557167425 -1.53273306383758 13.6383766948978 -0.522665373636425 FALSE ""
1000 34 158 1.07935771322312 -3.10038331980186 1.06354602840836 -2.22340933836814 FALSE ""
600 34 159 1.20423061115212 -2.64399356353832 1.45626813049898 -2.03751435586377 FALSE ""
500 45 160 1.27691435639828 -2.90468698459303 1.46887722458854 -2.06643225392831 FALSE ""
500 19 161 1.17720693217297 -3.5415151737195 1.12041836352508 -2.2804360682497 FALSE ""
1000 50 162 1.14013577292244 -2.95056863464734 1.05781226030075 -1.94005485026339 FALSE ""
1000 64 163 1.29608033056078 -3.4137297806778 1.44796729811866 -2.57925878646973 FALSE ""
800 48 164 1.15827411037221 -2.95608532243181 1.34205517839601 -2.28874348313661 FALSE ""
700 98 165 1.32634315485397 -3.0744699751346 1.2384634559903 -1.82474385798634 FALSE ""
800 27 166 1.31466901589331 -3.08785606749031 1.33678192152218 -2.0013437481101 FALSE ""
200 46 167 1.08190056961638 -3.67087212961542 1.1528809340914 -2.75045746001765 FALSE ""
200 88 168 1.29787622646913 -3.64141321996223 1.23197598910658 -2.68602300002935 FALSE ""
900 84 169 1.21110054157137 -3.07830717031098 1.13663793686218 -1.95323167315878 FALSE ""
400 48 170 1.31258901029519 -2.72240467129832 1.27897817193392 -1.75207570748477 FALSE ""
600 9 171 3.72773735528981 -1.6553348493834 4.18801987592911 -0.657200532655966 FALSE ""
800 79 172 1.28912217426162 -3.33952473382845 1.51501902433495 -2.464566149201 FALSE ""
900 56 173 1.28271067828421 -3.15256923496311 1.06356801655535 -1.60834408880278 FALSE ""
100 85 174 NA NA NA NA FALSE ""
600 39 175 1.19650295415645 -3.21229186607289 1.22536325797566 -2.45232526848747 FALSE ""
500 6 176 1.08505835379649 -3.18794718488229 0.958274733056661 -1.87317236824189 FALSE ""
100 57 177 0.948432910416557 -4.0485991549473 0.697338142425706 -2.96244524310983 FALSE ""
200 67 178 0.764553619703537 -2.9709929731128 0.724726002067256 -2.19357536691724 FALSE ""
700 81 179 NA NA NA NA FALSE ""
900 97 180 1.17317411214832 -2.93437610497653 1.2017320717997 -2.05180131266501 FALSE ""
500 18 181 NA NA NA NA FALSE ""
700 96 182 1.29753342641531 -2.96730690490778 1.48272294521129 -2.32218656708836 FALSE ""
600 73 183 1.2847039567467 -2.92213950259052 1.28864336194918 -1.65864159546781 FALSE ""
100 63 184 0.942176721420609 -2.99152116749737 1.07006820272536 -2.25390411355723 FALSE ""
100 8 185 1.2979827606486 -3.52045887266905 0.911285390775975 -1.74452319258043 FALSE ""
200 15 186 1.28371808354266 -3.12511884841025 1.16311909872675 -1.58500135365762 FALSE ""
800 85 187 NA NA NA NA FALSE ""
800 98 188 1.06036350154858 -2.85751279188763 1.22973258052464 -2.17679802477831 FALSE ""
200 55 189 0.829733593327732 -3.94347808624615 0.344052147946306 -2.10164908957751 FALSE ""
100 60 190 0.904543651406941 -3.54138151305492 0.836295710583747 -2.16946374456997 FALSE ""
800 62 191 1.35313886684612 -3.24270470119789 1.22687001662162 -1.8643272905778 FALSE ""
900 87 192 1.14372461073676 -3.34330906468004 1.11947151161327 -2.17840139219516 FALSE ""
600 66 193 1.1206008988187 -3.32476062330825 1.05150646651629 -2.20534630248158 FALSE ""
400 59 194 0.877016167782128 -2.88217259163853 1.03250472432669 -2.53230671197917 FALSE ""
1000 46 195 1.03818580785544 -2.92312195121987 0.996506385538617 -2.22843207779141 FALSE ""
100 81 196 NA NA NA NA FALSE ""
300 3 197 3.11999888764336 -1.67179247719628 3.67796338582915 -0.808573085810302 FALSE ""
600 6 198 1.22910803152145 -3.17093652752318 1.31381296148784 -2.02583313198737 FALSE ""
400 9 199 0.99901552536246 -3.65606331357686 0.760910327678935 -2.53581029440003 FALSE ""
800 74 200 1.22489136924763 -2.93990110883992 1.1831288842774 -1.82095520439742 FALSE ""
600 51 201 6.18176796173613 -1.56930172510364 6.60340318197614 -0.332344750380154 FALSE ""
100 37 202 1.0287347451645 -3.38939643239476 0.576289988251285 -1.25201974390255 FALSE ""
400 53 203 12.4345549086611 -1.41693973653127 13.0950338682739 -0.663242959286461 FALSE ""
100 93 204 1.18234624860177 -4.1949250588911 1.10851835177932 -3.37117250981641 FALSE ""
100 69 205 0.653855426421852 -3.33239205802031 0.291617338346855 -2.14439642509803 FALSE ""
100 45 206 0.90418651005248 -3.57193821736307 0.93180874440296 -2.47544917696506 FALSE ""
900 75 207 1.21003951753103 -2.95279981185859 1.24329226205993 -2.08397810800643 FALSE ""
700 19 208 1.26488148804094 -2.92424472792593 1.37169842177719 -2.07201773626423 FALSE ""
600 76 209 1.17045930903202 -2.9850022676745 1.3608359664906 -2.05267470066829 FALSE ""
400 80 210 1.1766882272829 -2.5849757451414 1.49312556082974 -2.09559218704694 FALSE ""
100 4 211 5.43914472335405 -1.44542702147521 6.09381642628084 -0.7116409708217 FALSE ""
700 29 212 1.28633239496738 -2.65957685924594 1.26577499742096 -1.55255064520212 FALSE ""
400 17 213 1.43709311926701 -2.76058505388061 1.44487564117582 -1.63400111272417 FALSE ""
900 36 214 1.21881068819628 -3.06256254453705 1.31884978363731 -2.13778528821265 FALSE ""
100 31 215 1.07211184482451 -2.59816189922601 0.901947178492066 -1.22099974841082 FALSE ""
800 4 216 1.19322049697967 -3.34765000839521 1.18794197558498 -2.19004377690224 FALSE ""
500 32 217 4.31907043066817 -1.59027673325718 4.76692230392266 -0.515636346348465 FALSE ""
200 7 218 1.15687792222998 -3.00886516631555 1.30487628974993 -2.13875498964199 FALSE ""
400 85 219 1.13262845082242 -3.7460899135838 0.966848304671696 -2.42907985614589 FALSE ""
600 98 220 1.2074264296655 -2.84951482078702 1.4042974594496 -2.26818908767461 FALSE ""
1000 35 221 1.14880149849613 -3.30708561809743 1.31207110930998 -2.69104761119066 FALSE ""
700 90 222 1.15314015095453 -3.19905679094578 1.13652320936704 -2.21629001024199 FALSE ""
100 7 223 1.2313069769127 -2.86617840523035 0.986225381813312 -1.93869192475745 FALSE ""
600 72 224 1.23240963397031 -2.88783214846941 1.16074475287291 -1.7679059084732 FALSE ""
800 61 225 1.29718677340461 -3.16785017425378 1.50887852783514 -2.51560760813455 FALSE ""
1000 33 226 1.14620993642127 -2.97443904629897 1.25263961011665 -2.13430702857355 FALSE ""
700 56 227 1.28984275313928 -3.16601566812926 1.40596339712203 -2.30767363181288 FALSE ""
500 53 228 1.08898229816274 -3.03392976407474 1.17678624008941 -2.34806864385987 FALSE ""
1000 79 229 1.23130748173899 -3.11196308823945 1.07662706427447 -1.84513483738898 FALSE ""
500 2 230 1.17093242944275 -3.33748339929699 0.964485063049436 -1.91433688812329 FALSE ""
1000 80 231 NA NA NA NA FALSE ""
800 43 232 1.34186210072643 -2.89152340474959 1.34887301279156 -1.70420096050157 FALSE ""
600 14 233 1.29696021736481 -3.13064757737137 1.29578157938416 -1.88571037534104 FALSE ""
1000 69 234 1.08051069328576 -3.21283270937849 0.991235646940088 -2.07791906227606 FALSE ""
100 50 235 0.983978947922568 -2.99847034371445 1.06342878024532 -2.70072061293296 FALSE ""
200 16 236 3.59261381382907 -1.72256814547238 3.82386235442724 -0.379577294183539 FALSE ""
800 73 237 1.10144618815024 -2.88264287182956 1.06661003675893 -1.72919011341549 FALSE ""
300 47 238 1.06023647723101 -3.55642915521116 1.1864955789055 -2.91182469843319 FALSE ""
300 48 239 1.06974037908612 -2.54038972543904 1.25830589126539 -2.00816615057758 FALSE ""
100 99 240 NA NA NA NA FALSE ""
400 94 241 1.26820919938328 -3.28556788823588 1.27064036868217 -2.18953097704132 FALSE ""
1000 19 242 1.38460304450123 -2.75304502215637 1.39450178895386 -1.56751989648713 FALSE ""
600 96 243 1.12905631981386 -2.6878750584094 1.29815945166113 -2.07454700270024 FALSE ""
200 68 244 4.04685112836182 -1.55407132144099 4.496846040889 -0.465003810752208 FALSE ""
300 6 245 NA NA NA NA FALSE ""
800 17 246 1.26466125381911 -3.30424609562308 1.35185588966591 -2.26745821614954 FALSE ""
500 90 247 1.24729280754467 -2.66137923860298 1.54412883319209 -2.23291916093566 FALSE ""
200 32 248 5.82472529629572 -1.55652751981461 6.52553324973439 -0.788354561461603 FALSE ""
100 78 249 0.961414981933451 -3.12679041333487 1.04305273003171 -2.4044699124722 FALSE ""
100 24 250 1.18044662910024 -2.48507286012801 1.50184748030868 -2.01106688812597 FALSE ""
600 82 251 3.52887626077014 -1.69310963382244 3.91710014746244 -0.576611246822547 FALSE ""
700 16 252 1.25139859637283 -2.81684682047541 1.23930512077612 -1.85235076201473 FALSE ""
100 65 253 6.2668123967237 -1.76944786912077 6.72368669212843 -0.459418085902956 FALSE ""
300 86 254 1.37328033579325 -2.90181583306546 1.64933812964238 -2.33426478847018 FALSE ""
600 62 255 1.13787669196114 -2.98345408579664 1.2939069322091 -2.2561826643712 FALSE ""
600 32 256 1.04441381137728 -3.5105163370233 1.00752990925197 -2.35425348849387 FALSE ""
500 70 257 1.15269621019537 -2.94693448774066 1.1086745644823 -1.87107508399273 FALSE ""
300 25 258 12.9432728756248 -1.46402463004777 13.4938948538039 -0.486542213937017 FALSE ""
800 95 259 0.918415041728562 -3.06992791238868 0.683831253565681 -1.92250846140506 FALSE ""
600 2 260 12.8629007816077 -1.52636917333732 13.4682487040241 -0.590898114454244 FALSE ""
300 51 261 13.0565052892769 -1.60143704661983 13.5042308740859 -0.43150255026875 FALSE ""
800 45 262 1.09933820511474 -2.77340736421666 1.21772396620487 -2.15876522016715 FALSE ""
700 14 263 1.27917744529155 -3.10737203484783 1.38503818701008 -2.20474688761731 FALSE ""
200 94 264 1.05429086158017 -2.86091404044885 1.16967194162589 -2.11951235017798 FALSE ""
200 71 265 1.05741788126094 -2.9530774833485 1.2478615818934 -2.7303457366428 FALSE ""
200 84 266 1.37940856203539 -2.90333370966253 1.75458648237001 -2.20891241457766 FALSE ""
300 65 267 13.1263984706942 -1.36174650497246 13.5992863624348 -0.363477469375902 FALSE ""
400 24 268 NA NA NA NA FALSE ""
500 3 269 1.07223545821898 -2.68969520420174 1.27669456755664 -2.1786914547479 FALSE ""
200 86 270 5.09253930039083 -1.69159642016731 5.51394090130188 -0.360499115542493 FALSE ""
500 72 271 1.3335810148409 -2.88789597015718 1.25323066712406 -1.59602565098642 FALSE ""
700 88 272 1.18028541305086 -3.1618587616236 1.20532893372617 -2.17776186695164 FALSE ""
400 45 273 1.14210275094429 -2.99750290144899 1.3615627028621 -2.50733207293014 FALSE ""
900 41 274 1.21109684405628 -3.26834415241298 1.14450002607723 -1.930759109671 FALSE ""
900 51 275 1.11942015706072 -2.93517234474181 1.02367832199885 -1.76593924931797 FALSE ""
300 12 276 1.30201985632273 -2.85103582967674 1.59721819996387 -2.1099866034921 FALSE ""
700 45 277 1.31722790782101 -2.79728688564661 1.25419912912012 -1.53207168153421 FALSE ""
400 75 278 1.15605219175002 -2.32852830834822 1.76007867731868 -2.22701685265627 FALSE ""
700 52 279 1.15294650222794 -3.01463271890845 1.20150291769608 -2.06143798659622 FALSE ""
400 60 280 1.21680549432424 -3.21859864040788 1.25685787645656 -2.22124610847699 FALSE ""
400 18 281 4.22510826341457 -1.67283593633745 4.54152368697275 -0.362652270631022 FALSE ""
1000 21 282 1.25244989357371 -2.94709010204115 1.34985314709495 -2.12280364543682 FALSE ""
800 57 283 1.11194658049603 -3.12969826824718 1.31185746988077 -2.42517264063085 FALSE ""
1000 76 284 1.06861233465091 -3.03587178586859 1.05735955209807 -2.00712853760939 FALSE ""
900 59 285 1.3812844943746 -2.94280046859953 1.3677948681692 -1.68667000948094 FALSE ""
200 59 286 1.34216964350442 -2.99095924707254 1.22363400649994 -1.98867150196415 FALSE ""
800 9 287 0.994984020377541 -3.05500678345345 0.761944607450405 -1.84681214954513 FALSE ""
400 22 288 0.997738423707798 -2.97814811863856 0.882636809361566 -1.69459808391376 FALSE ""
800 88 289 1.18139296083532 -3.06773763990511 1.18281962004231 -1.95332274549969 FALSE ""
200 27 290 1.0593939259683 -3.5400691174023 1.30203045733446 -3.34603407743437 FALSE ""
100 90 291 NA NA NA NA FALSE ""
1000 23 292 1.12554588608224 -2.77596593432722 1.33102460516069 -2.16296658053759 FALSE ""
900 80 293 1.24932237230334 -2.72740465133129 1.38867101186241 -1.95324091559094 FALSE ""
200 53 294 0.986756843071309 -2.4943078815905 1.25042442137732 -1.89072987828194 FALSE ""
600 38 295 0.971580643059504 -3.21288777144755 1.04552389711188 -2.26930898595817 FALSE ""
100 26 296 1.10574254903616 -2.61405130550653 1.12028110424448 -1.93685921224598 FALSE ""
300 68 297 1.24148312251552 -2.76564725414078 1.02651396604825 -1.27249809517454 FALSE ""
400 55 298 1.2540581508328 -2.67057572052804 1.78298696638378 -2.32139910696125 FALSE ""
500 98 299 1.21547268554709 -3.01235630555009 1.09315086834487 -1.657594414422 FALSE ""
700 3 300 1.30787012216647 -3.07372697815607 1.24808539030387 -1.74823657452729 FALSE ""
600 42 301 1.37850695057214 -2.63390187621822 1.52540139125972 -1.69234088116948 FALSE ""
500 94 302 1.41858702748812 -2.54509626489492 1.71404284671084 -1.87446511201067 FALSE ""
400 76 303 1.10945119212543 -3.03785184726874 1.15268985828165 -2.30992436749487 FALSE ""
300 14 304 0.947349272776388 -3.16640658057691 0.525381637412509 -2.01236100717012 FALSE ""
600 37 305 1.22699853247348 -2.72501755344665 1.27007970632388 -1.51898896311937 FALSE ""
300 59 306 0.930685051030715 -3.19870153777829 0.821711384492429 -2.24302938195906 FALSE ""
400 71 307 1.10585154017762 -3.27348588717839 1.47059651458761 -2.66300892470141 FALSE ""
100 42 308 NA NA NA NA FALSE ""
800 47 309 1.19786906189102 -3.23472814911877 1.00420883426141 -1.80789701422339 FALSE ""
700 100 310 11.8954197835095 -1.31820341018141 12.4814712402835 -0.555396089790109 FALSE ""
700 48 311 1.16184355122855 -3.23918108989636 1.18743757268544 -2.16237653639182 FALSE ""
400 12 312 8.20666741055807 -1.41774998711094 8.84356158109686 -0.62559865769828 FALSE ""
500 55 313 1.34207594441353 -3.4000625776554 1.30108100343068 -2.23396000768826 FALSE ""
300 43 314 1.28569541059132 -3.26407950155247 1.22282401604683 -2.30757497137097 FALSE ""
800 50 315 1.21958933640636 -3.51048766602379 1.16864744231142 -2.43475539156781 FALSE ""
400 54 316 3.19247213003464 -1.61839073141695 3.56783355574949 -0.573577259626825 FALSE ""
500 92 317 1.19717502771055 -2.81382464338248 1.19896500217352 -1.70211007763472 FALSE ""
100 87 318 12.2291567617074 -1.32748773157779 12.73597791371 -0.414249994455696 FALSE ""
1000 20 319 1.15552176491292 -3.05548030162065 0.976263213208299 -1.73164676734094 FALSE ""
300 57 320 1.24230601301632 -2.66637925317588 1.25139013218298 -1.69410918905002 FALSE ""
500 91 321 1.11843557541043 -3.17786088597984 1.489120944393 -2.86027301946548 FALSE ""
200 91 322 1.24696463941162 -3.08740436993808 1.14308757530471 -2.20038405008233 FALSE ""
100 52 323 0.975854686523279 -3.66223118412946 1.05138923494694 -2.66091664301501 FALSE ""
200 69 324 1.00616920164113 -2.7081850138514 1.03853916387579 -1.92363137384499 FALSE ""
800 68 325 1.3478719096784 -3.24410905351792 1.29749796730112 -1.80727573069973 FALSE ""
500 68 326 1.13593402989463 -3.04937470226374 1.40142496003525 -2.39508505381799 FALSE ""
500 33 327 1.2033164456941 -2.70228252975211 1.17745769627496 -1.63070461864184 FALSE ""
1000 18 328 1.26793584403765 -3.06289876832116 1.47203448597382 -2.2506717931193 FALSE ""
400 52 329 5.03922276866939 -1.46822361025075 5.7751357564427 -0.812632723635939 FALSE ""
800 70 330 1.12569141804706 -3.70495016053106 0.877070522605841 -2.36311073328651 FALSE ""
800 12 331 1.23968303606685 -2.87812256897283 1.19428631618559 -1.80610875697883 FALSE ""
400 68 332 NA NA NA NA FALSE ""
700 40 333 1.13027217069191 -2.96728377083766 1.03755505050263 -1.88051449966565 FALSE ""
700 9 334 3.91179759701592 -1.5169664021405 4.33336294393298 -0.478444946511639 FALSE ""
200 26 335 3.42522304188349 -1.75676944744495 4.03316424825452 -0.918082801659966 FALSE ""
800 22 336 1.21062621363718 -2.62662941026041 1.21216843547035 -1.54221140952266 FALSE ""
700 79 337 1.20604042419587 -3.14179090856654 1.13043734744962 -2.0579274357611 FALSE ""
300 7 338 1.13111914825695 -2.95015695445546 1.11596195915961 -2.05087617420368 FALSE ""
300 62 339 4.44718926695744 -1.43225162505018 5.05831970159554 -0.741210223525834 FALSE ""
600 71 340 1.04731449460209 -3.39509534242819 1.05162789211997 -2.40492622958324 FALSE ""
500 12 341 1.19634714146223 -2.89554277827273 1.39211037497184 -2.42840105796389 FALSE ""
500 38 342 1.10770192072866 -3.12972961493947 1.02358597521241 -1.98919006509802 FALSE ""
500 59 343 9.45511304380613 -1.59518695408874 9.92397130456173 -0.444610990759541 FALSE ""
300 19 344 1.0235251779272 -2.41244519782925 1.03325955196038 -1.82929788702647 FALSE ""
200 90 345 0.828926205540111 -2.78739116257198 0.492003776103752 -1.47324431010203 FALSE ""
700 49 346 1.029091166159 -3.22135122918836 1.19435260266245 -2.39256064202134 FALSE ""
900 86 347 1.34819270210161 -2.87750301540189 1.50741069647694 -1.89062249953844 FALSE ""
600 47 348 1.15090024445545 -2.63772792091445 1.42182033750228 -2.14393090716719 FALSE ""
300 44 349 1.27255991278809 -2.67954409793517 1.22470982607771 -1.40659699666401 FALSE ""
600 5 350 1.1617091127324 -3.02806627310728 1.20499897066527 -2.20825537594461 FALSE ""
1000 17 351 1.24801238034575 -3.15744098269573 1.30188065603254 -2.21626713550128 FALSE ""
700 70 352 1.26093335844958 -3.08042495076712 1.05764996280366 -1.79692972514561 FALSE ""
400 58 353 1.36114685891795 -2.72093228832688 1.70446575027816 -2.03177406992387 FALSE ""
1000 55 354 1.21628332939575 -3.2165831372408 1.03963997338021 -1.68465018295765 FALSE ""
900 96 355 1.1148711230323 -3.09689318894291 1.13833672459769 -2.12300251615052 FALSE ""
500 69 356 12.9027421477891 -1.37998563038427 13.4306788957684 -0.464322784315641 FALSE ""
200 93 357 11.516732123469 -2.06870053841129 11.9145319789562 -0.396288373109679 FALSE ""
300 2 358 1.3877119134647 -2.96343465047911 1.6332323254742 -2.43254477012223 FALSE ""
1000 49 359 1.1845424751721 -2.99692676768114 1.19029704337714 -1.84411084507238 FALSE ""
400 29 360 1.2200043407258 -3.91383406807117 1.1432567813557 -3.00186231687846 FALSE ""
200 14 361 NA NA NA NA FALSE ""
600 10 362 0.936226963469287 -3.43104403830757 0.913843516926422 -2.46766701544717 FALSE ""
400 6 363 1.05442574768852 -2.85476479576708 1.03529543908884 -2.17880299219577 FALSE ""
900 19 364 1.16300993912309 -2.77610987184981 1.362931690756 -2.02744317157999 FALSE ""
800 23 365 1.26462300719709 -2.9360949029769 1.2545697734643 -1.80698823669682 FALSE ""
900 71 366 NA NA NA NA FALSE ""
1000 68 367 1.22076986625343 -3.01574123179667 1.27001071816119 -2.0702048975984 FALSE ""
300 11 368 1.22698412291999 -3.0177610204555 1.2562864683583 -2.2113572322981 FALSE ""
200 29 369 1.09058943662817 -2.48301346331494 1.10722379252235 -1.57349146228616 FALSE ""
300 45 370 1.29619944736393 -3.40800752131925 1.25317697961385 -2.33794295459601 FALSE ""
600 30 371 0.889195402072086 -3.170719007567 0.750152585904262 -2.32326248478435 FALSE ""
800 90 372 1.28145479406867 -2.95843507380603 1.29864311343718 -2.01075113365527 FALSE ""
200 50 373 3.09696424259079 -1.86403173345908 3.3844432217615 -0.469972309682898 FALSE ""
100 35 374 NA NA NA NA FALSE ""
200 85 375 1.03072965886966 -2.83111479396836 1.36072167002508 -2.18867758860909 FALSE ""
400 31 376 1.31080824375736 -3.08425738044152 1.32627878808484 -1.91533038314855 FALSE ""
400 1 377 1.42552452717665 -2.91333517898312 1.69510189557865 -2.13191004958469 FALSE ""
700 41 378 1.14811763456708 -3.14326850424369 0.827667996966172 -1.65131031293478 FALSE ""
100 79 379 1.18322706391705 -2.96713806673457 1.46616532950892 -2.14595237310477 FALSE ""
1000 25 380 1.14588069453042 -2.93206228107651 1.23336936947622 -2.008360585443 FALSE ""
600 54 381 0.903781762571778 -3.19466033619975 0.624976254501572 -2.06819099865565 FALSE ""
400 27 382 1.31450763418416 -2.72852401542304 1.47103842726828 -1.83272492467448 FALSE ""
100 96 383 NA NA NA NA FALSE ""
500 26 384 1.22839747703605 -2.26481954811154 1.35045155376776 -1.50862737274447 FALSE ""
700 39 385 1.18161468662353 -2.97176148500664 1.11420647303687 -1.87137282447677 FALSE ""
300 87 386 1.12158796088599 -2.6657330698395 1.19077937912012 -1.57132849089144 FALSE ""
400 41 387 3.62736879905458 -1.87350038749471 3.97288741257267 -0.483082602741812 FALSE ""
900 26 388 1.16422612340722 -2.92686484226164 1.22392707757495 -1.8130606199969 FALSE ""
1000 94 389 1.27981771047917 -3.24053730648325 1.34344302327944 -2.34574373137898 FALSE ""
900 50 390 0.992749762053722 -3.04302286815764 0.953494519448166 -2.06498192798589 FALSE ""
500 11 391 1.26938787992765 -2.96507411724665 1.27363979118282 -1.73324043252679 FALSE ""
300 100 392 NA NA NA NA FALSE ""
600 65 393 0.987402794523986 -2.90916288107967 0.989678737976964 -2.07647092883728 FALSE ""
500 10 394 1.16622177781314 -2.90844211689328 1.17299171762899 -1.89319367830168 FALSE ""
500 50 395 1.18017651507998 -2.65052246020214 1.31940426393419 -1.71577997855528 FALSE ""
500 76 396 1.09790970791285 -3.38094332833161 0.843415173046741 -2.15410836620794 FALSE ""
100 70 397 1.25294700582573 -3.17102477264061 1.19634277292936 -1.76817243025546 FALSE ""
100 100 398 1.1059758231819 -4.28183096624923 0.424370048886763 -2.14725856149496 FALSE ""
900 33 399 1.28799016572341 -3.05327772354859 1.36544314646653 -1.89467974074001 FALSE ""
300 50 400 1.02702106465342 -3.15092733127483 0.811066527059215 -2.13039144377932 FALSE ""
200 98 401 1.23144077468277 -2.78294884114804 1.22675287997251 -1.99880022189708 FALSE ""
500 63 402 5.40411343799248 -1.41733061728093 5.92016640736439 -0.484185637497491 FALSE ""
400 62 403 1.15605023005398 -3.15949372684488 1.0794719470841 -2.09589115247891 FALSE ""
900 70 404 1.18092536493825 -3.27979817503737 1.266028716068 -2.47657846453389 FALSE ""
700 62 405 NA NA NA NA FALSE ""
1000 71 406 1.20040574253817 -3.17076780366892 1.43364530397488 -2.76583154049229 FALSE ""
400 34 407 1.08672162058465 -2.82571839147794 1.44300792622914 -2.31592914441241 FALSE ""
200 3 408 1.41910825780298 -2.08278314030377 1.88520233718462 -1.50176481566624 FALSE ""
1000 63 409 1.24641053612902 -2.67678605623294 1.3210071434283 -1.74593683735195 FALSE ""
800 53 410 7.81553511843593 -1.43434567362598 8.37801360177029 -0.528157074322684 FALSE ""
600 41 411 1.00882003889042 -2.89430309268979 1.2108954780832 -2.24032482440032 FALSE ""
600 56 412 1.05780862939141 -3.17140136783206 0.883764558452676 -1.9851963435013 FALSE ""
900 23 413 1.33562403381921 -2.96337180533158 1.37649641582774 -1.93031097754376 FALSE ""
200 66 414 11.8918726630113 -1.55725433772054 12.3006028065413 -0.266507825647462 FALSE ""
200 79 415 1.22380003631454 -3.77287469614023 0.833875623168272 -2.49101673656809 FALSE ""
1000 75 416 1.11870930774381 -3.00991018878747 1.21125739935109 -2.26187618728439 FALSE ""
900 43 417 1.207918535247 -2.99914640962599 1.34493334615157 -2.02896073790525 FALSE ""
900 55 418 1.20073914276062 -2.83659465922656 1.31953538348152 -1.88522399602267 FALSE ""
800 38 419 1.24583429649338 -2.93773919948805 1.12889206156605 -1.44424499133247 FALSE ""
900 69 420 1.37846303339338 -2.99436616297408 1.38769465543577 -1.7956798009701 FALSE ""
900 12 421 1.10228970683303 -2.90847300022243 1.08212875503536 -1.86883418652066 FALSE ""
700 77 422 1.19905758240761 -3.42343228386476 1.16411434085344 -2.37062432032703 FALSE ""
100 44 423 2.93789662072681 -1.77424046698045 3.23647544149487 -0.333371626372722 FALSE ""
200 64 424 1.15873443614093 -3.20442237851965 0.695463792986734 -1.60547212986768 FALSE ""
500 62 425 1.18342936275522 -2.96756424979889 1.07739405053319 -1.64194264252544 FALSE ""
900 67 426 13.0918022308959 -1.53936287992811 13.6089454380849 -0.47279276082006 FALSE ""
1000 10 427 1.21840305634761 -2.98256312649913 1.30393604782788 -2.06720827226381 FALSE ""
200 42 428 NA NA NA NA FALSE ""
200 78 429 1.28893584468317 -3.1376684906803 1.14276526827031 -1.64651597231458 FALSE ""
600 19 430 1.15176630810636 -3.32086874707641 1.20994867838397 -2.44472462512755 FALSE ""
200 39 431 1.15944662591128 -2.30253822568206 1.42028050727336 -1.66768067189118 FALSE ""
900 81 432 1.31620362763644 -2.76882406212785 1.42887768063521 -1.78134064767561 FALSE ""
100 12 433 0.700808357034034 -2.94530822629927 0.324265954921145 -2.06435502849137 FALSE ""
200 75 434 1.0808963149681 -2.65804613717764 1.74960501932477 -2.86197096134052 FALSE ""
100 17 435 NA NA NA NA FALSE ""
400 26 436 1.19110594226784 -3.15050826506837 1.25265909265624 -2.09631849215081 FALSE ""
100 74 437 9.70367777722319 -1.63114623106374 10.1080480350231 -0.314488772265085 FALSE ""
900 24 438 1.23956502920328 -3.03186582046913 1.14041272894009 -1.74400145612389 FALSE ""
500 51 439 1.27341846551763 -3.30385161075973 1.76559477848941 -2.77030715657929 FALSE ""
400 4 440 1.36542334482461 -2.99617365639927 1.33189351380261 -1.54966707463585 FALSE ""
400 30 441 1.10507278769141 -3.11376505894252 0.808383841883566 -1.68323114852186 FALSE ""
500 39 442 1.22448484010364 -2.91645581437602 1.08259936026938 -1.5866020729633 FALSE ""
600 16 443 0.994322261055644 -2.86233857235884 1.2646669820962 -2.5953938265136 FALSE ""
700 26 444 1.21166046863976 -3.05883652322994 1.25056987694613 -2.14393219679122 FALSE ""
800 52 445 1.14180465979677 -3.24869111784035 1.32849086453135 -2.38020062589916 FALSE ""
800 41 446 1.35968953834338 -2.84724358120023 1.40094352607519 -1.75747836296618 FALSE ""
200 4 447 1.08386111160907 -2.73120743796508 0.832308506612861 -1.52445667641822 FALSE ""
900 39 448 1.1868253020169 -3.0450099549415 1.33067165733077 -2.01600910489435 FALSE ""
400 66 449 1.10493172919219 -2.91011532371134 1.23086853403661 -1.80594367348714 FALSE ""
1000 56 450 1.26046326510393 -2.9556783394072 1.21946874685437 -1.85879484276793 FALSE ""
600 23 451 1.25326495964764 -2.94111247963106 1.58516244456396 -2.19742048602042 FALSE ""
700 69 452 13.1998597018403 -1.47972287289319 13.7463027914535 -0.513843096929052 FALSE ""
100 43 453 11.197315950953 -1.45386740194687 11.6050258974278 -0.304496318776479 FALSE ""
100 22 454 0.879145405702736 -4.22727239552298 0.0113555056256919 -1.89674676704351 FALSE ""
800 2 455 NA NA NA NA FALSE ""
500 20 456 13.4244111797917 -1.57095092571118 13.6766251863916 -0.0657177771266135 FALSE ""
300 33 457 1.11505045746301 -2.70113439915746 1.09252976065445 -1.62371892520505 FALSE ""
700 82 458 1.40205817686227 -3.52449088014968 1.48350841880462 -2.56303012662033 FALSE ""
100 5 459 0.856696897916946 -3.63398865118763 0.00858022155616274 -1.1507169158154 FALSE ""
900 30 460 13.4208122972933 -1.60634433394766 13.9013917967815 -0.39724861731358 FALSE ""
700 12 461 1.21136253447574 -3.18601289577324 1.28413534775302 -2.11012879327884 FALSE ""
600 85 462 4.39398922475965 -1.70462496333432 4.91658714919261 -0.647513865557685 FALSE ""
900 13 463 1.24609152051745 -3.21474404467502 1.33661006850826 -2.12999997739616 FALSE ""
1000 77 464 1.02369419911432 -3.06052294880553 1.06711634996327 -2.23537174456575 FALSE ""
500 35 465 1.10117957979772 -2.75566802241357 1.3810893345069 -1.99398517047017 FALSE ""
900 38 466 1.1864732362735 -2.88932414635901 1.19713958169665 -1.89777806361688 FALSE ""
600 68 467 1.24050357736682 -3.29685195762592 1.10740133110202 -1.80811665849442 FALSE ""
700 99 468 NA NA NA NA FALSE ""
400 69 469 1.32342883642649 -2.75925692067127 1.43625664395963 -1.89354125837612 FALSE ""
500 73 470 NA NA NA NA FALSE ""
600 52 471 1.11657147380883 -3.0477367606493 1.25648172722154 -2.38522465937822 FALSE ""
200 28 472 1.13795007286598 -3.08663069559446 1.33075516140917 -2.00436980009798 FALSE ""
800 83 473 1.27322442264276 -2.78903845398945 1.26124780702614 -1.62972183136872 FALSE ""
300 90 474 1.20627045991812 -2.99475658741063 1.06392070205527 -1.71614907142281 FALSE ""
200 48 475 12.4705093231823 -1.38171862882971 13.1616662991731 -0.652049490659346 FALSE ""
400 88 476 1.32521773677718 -2.60711181785009 1.45468569582151 -1.83868031255663 FALSE ""
300 31 477 1.17380100479237 -3.12183959116567 1.3834566176883 -2.68102515842368 FALSE ""
900 20 478 1.23884042722986 -2.96818982506037 1.57283382709413 -2.29309496452563 FALSE ""
1000 88 479 1.24472010204405 -3.10112927127468 1.20036053449449 -1.91304309280172 FALSE ""
800 44 480 13.30524150454 -1.57052906496063 13.8269391681554 -0.469214160068496 FALSE ""
500 17 481 1.17764145763866 -2.69306908849685 1.56970492831024 -2.20395101156795 FALSE ""
300 39 482 1.04444023603067 -2.81094318266556 0.903662543398017 -1.60443931690863 FALSE ""
700 5 483 1.14776885842453 -2.96893784534504 0.824620691498152 -1.4198673989055 FALSE ""
800 19 484 1.15816654949482 -3.16599066528343 1.24683060642932 -2.1803419888568 FALSE ""
600 40 485 1.30517727159593 -3.41296031807504 1.45246645683161 -2.34958997189046 FALSE ""
700 31 486 1.11474162748066 -2.84102705192354 1.3417618663706 -2.31360640316062 FALSE ""
900 92 487 1.1732736096002 -3.10305458479422 1.03527938902987 -1.95656611277494 FALSE ""
400 49 488 1.12249666008636 -3.03677558231801 1.10046606894301 -2.12711343329132 FALSE ""
900 27 489 1.17779974684284 -3.21761964840779 1.36082987026151 -2.41760463519677 FALSE ""
1000 8 490 1.31261462790508 -2.93378150510112 1.39735548918485 -1.94808103524126 FALSE ""
900 7 491 1.16453077891439 -2.99199422626599 1.29421016748986 -2.16683923519046 FALSE ""
100 36 492 NA NA NA NA FALSE ""
900 77 493 1.21383451790771 -2.84404702090099 1.44123024195686 -1.97795225176216 FALSE ""
300 18 494 3.76404116023421 -1.45262652435232 4.302910459974 -0.619636739386771 FALSE ""
800 54 495 1.28789352957426 -3.09381676841944 1.10284632610084 -1.5083760870377 FALSE ""
700 7 496 1.19711374726184 -3.56222980849344 0.968955041309632 -2.28211390978682 FALSE ""
800 20 497 5.66863478767458 -1.59569374642407 6.18286391245315 -0.459236992117666 FALSE ""
100 73 498 0.91685721236682 -4.40349590530159 -0.419288916355611 -1.18113096211501 FALSE ""
500 44 499 1.03838170264399 -2.85818777245684 1.17985370870222 -2.32212826328871 FALSE ""
1000 9 500 1.11217483624748 -2.88600590939767 1.32181396139569 -2.2681301202083 FALSE ""
300 36 501 8.96973763632087 -1.2609548798221 9.59554053288281 -0.602962759081803 FALSE ""
200 9 502 12.1154453249546 -1.13945226306171 12.9006351818028 -0.68719564530639 FALSE ""
800 67 503 NA NA NA NA FALSE ""
700 46 504 1.18435409593332 -2.52004667658475 1.22085376840576 -1.54527538224608 FALSE ""
700 64 505 1.10273853466674 -2.64948272056539 1.25725165569405 -1.90699811712955 FALSE ""
200 1 506 NA NA NA NA FALSE ""
400 14 507 1.40525131569925 -3.05008118625727 1.60079810205419 -1.98060107612131 FALSE ""
700 95 508 1.29128826436025 -2.91350371893736 1.38210254275325 -1.96691690563844 FALSE ""
300 72 509 3.73567963930155 -1.5612111615837 4.27507502704081 -0.558971593362985 FALSE ""
200 58 510 1.06308043445753 -3.0202270650705 1.11273998431111 -2.10463510981698 FALSE ""
700 80 511 1.37477837790825 -3.40229460888196 1.43000459220648 -2.30824562209586 FALSE ""
300 32 512 1.04821802541798 -2.8319400080855 0.951799918672411 -1.88899090274816 FALSE ""
600 100 513 12.9186784945436 -1.42667541035137 13.5522073779039 -0.608224086662096 FALSE ""
500 41 514 1.19916395598171 -2.93207583993267 1.31338059126577 -2.23070227201748 FALSE ""
500 15 515 1.07640968941144 -2.90718182842129 1.02558717495294 -2.25530174649731 FALSE ""
100 40 516 2.91334777233434 -1.73236622676567 3.2492103203509 -0.824604977753634 FALSE ""
300 80 517 1.35283261586909 -2.64029911726976 1.20020702767721 -1.1782144384547 FALSE ""
900 9 518 1.18547035727722 -2.98769310499889 1.26083704549319 -1.8590160827377 FALSE ""
800 5 519 1.15295177037016 -3.07311939306698 1.00055983023686 -1.76975424199775 FALSE ""
500 8 520 3.38800754555503 -1.61144912143344 3.8197226589276 -0.617317864063378 FALSE ""
600 3 521 11.5092097648255 -1.53725725615496 11.9784091385438 -0.402160935390366 FALSE ""
200 41 522 1.29960925802536 -3.70776076811021 1.28104896333689 -2.66727434593312 FALSE ""
600 21 523 1.29991257325755 -2.67749592863772 1.35539018727899 -1.85433485454695 FALSE ""
200 57 524 1.28796655447751 -3.70919132446949 1.58642859317108 -3.34461262758449 FALSE ""
800 80 525 NA NA NA NA FALSE ""
300 35 526 1.26197478770708 -3.06139799467176 1.24291594924106 -2.29045312500759 FALSE ""
1000 41 527 1.23902745792825 -2.77788702367669 1.35224882714423 -1.92758509541622 FALSE ""
200 37 528 1.30328174667016 -2.62311842830364 1.42942251067054 -1.46153479067735 FALSE ""
800 84 529 1.1057881935257 -2.8877765394034 1.13807948360705 -1.94736610177507 FALSE ""
600 50 530 1.12950540349058 -2.59891384034012 1.61400787470181 -2.30867232750389 FALSE ""
300 92 531 1.03286042292384 -3.13451357465417 1.06176128438064 -2.01449661318663 FALSE ""
500 4 532 1.19308129047323 -2.83607277115145 1.11360732931576 -1.87212384735728 FALSE ""
900 60 533 1.17817027029533 -3.28696918581406 1.12647035597676 -2.15555761845133 FALSE ""
100 71 534 11.3543361009007 -1.52240789121265 51.4269808915656 80.1891276014902 FALSE ""
300 61 535 1.18704818745467 -3.1088547173793 1.29730530926436 -2.20079777460956 FALSE ""
500 99 536 1.19988044668818 -3.43139376479066 0.924019409005487 -1.92778004206969 FALSE ""
300 22 537 1.23397442685101 -3.14593144544828 0.996508254558633 -1.66963302941665 FALSE ""
100 29 538 0.957687455470935 -3.50085902085374 0.792225037918235 -2.70437086258024 FALSE ""
1000 61 539 4.81651640621326 -1.58273132614394 5.3657488384116 -0.576092373515166 FALSE ""
200 73 540 1.12012203928985 -2.83271956863902 1.08359768039776 -2.05759385705703 FALSE ""
700 27 541 1.15548073851776 -2.79150739573618 1.41164279062616 -2.24352322616712 FALSE ""
600 45 542 1.21496407210331 -3.37815054190986 1.11651164551314 -2.16015891716131 FALSE ""
100 80 543 1.11587859077766 -2.96076703537184 1.14294061889971 -1.98528896190198 FALSE ""
700 58 544 1.22258809732085 -3.28587496858205 1.1542313048148 -1.93765023396228 FALSE ""
200 20 545 1.34586283663733 -2.99136097204112 0.962219927355788 -1.32668765715801 FALSE ""
800 93 546 1.24518711004106 -3.01119885846371 1.30314974968339 -2.12894384791122 FALSE ""
800 3 547 1.09560875900687 -3.16136952214808 0.91994570472284 -1.76059797409552 FALSE ""
700 86 548 1.12260652149013 -3.55675334851709 0.919157493552999 -2.32614485673297 FALSE ""
700 11 549 1.33966007906327 -3.13609514799858 1.3373015693062 -1.96778340147287 FALSE ""
600 55 550 1.14890709826293 -2.85960546296248 1.19130246842661 -1.99294384421309 FALSE ""
800 28 551 1.34346455221811 -3.22797200444426 1.23776187218572 -1.79602476902906 FALSE ""
100 67 552 2.77452393260542 -1.35553354751334 3.72597459899856 -1.38353649816738 FALSE ""
300 83 553 1.37627134819382 -2.9921522525595 1.6391751525299 -2.28379930937953 FALSE ""
400 36 554 1.30031883811534 -2.01219679056111 1.66962693870819 -1.44923843020778 FALSE ""
100 49 555 NA NA NA NA FALSE ""
600 53 556 3.564124806853 -1.53706304545341 4.12814792677996 -0.790069346647756 FALSE ""
800 25 557 1.29414584206835 -3.07117422705609 1.30767586952586 -1.92311114273619 FALSE ""
100 2 558 1.23380374902539 -3.24827545661899 0.64125402441398 -1.38312044370108 FALSE ""
900 29 559 1.0264623630771 -3.05937207690504 1.0762585624326 -2.15427778983674 FALSE ""
600 7 560 1.07997579129199 -3.01059074757937 1.08707321176301 -2.07733046679015 FALSE ""
300 40 561 0.968304171299191 -3.08642668527162 1.15787158793569 -2.84735633522097 FALSE ""
400 84 562 3.81601481873876 -1.89244705072664 4.19378589723623 -0.5000813347668 FALSE ""
700 83 563 1.0136657229172 -3.19566199237063 0.977394529239739 -2.33537635734212 FALSE ""
400 79 564 1.15465897075613 -2.94250410491036 1.10668195970762 -1.77874107351538 FALSE ""
500 7 565 1.22050366749467 -3.37703974011665 1.0082882526293 -2.17640384673509 FALSE ""
800 10 566 1.231814916309 -3.2567594133551 1.24445025162124 -2.06863121950095 FALSE ""
300 98 567 1.06744928835517 -3.57650244150611 0.947288994174022 -2.5873515822521 FALSE ""
700 91 568 1.30974094510065 -2.63890356793166 1.33026362398911 -1.60950504366027 FALSE ""
700 1 569 1.25513116707832 -3.13266888417066 1.24486968031687 -1.82241927909143 FALSE ""
300 29 570 1.23466898804032 -2.92758192813815 1.09207266943139 -1.6740816209592 FALSE ""
200 54 571 3.32754729539868 -1.75248796514662 3.63386189858222 -0.537274343746701 FALSE ""
1000 6 572 1.13770061119363 -2.81062482658657 1.18085824788033 -1.87881905594676 FALSE ""
300 41 573 3.1145303015154 -1.7993202461687 3.42307168479021 -0.475085319141936 FALSE ""
200 95 574 1.06710416121918 -3.5484216978099 1.29125661806756 -3.06603275708942 FALSE ""
600 79 575 1.09656805767148 -2.93613218773777 1.11330606805758 -2.16244502255699 FALSE ""
500 80 576 1.16718656635384 -3.39945364700584 1.23397858949546 -2.49444093146926 FALSE ""
500 56 577 1.20810866914817 -3.11849292117171 1.16794086047411 -1.744946137434 FALSE ""
400 50 578 1.26746184283979 -3.08525754127713 1.26732671992292 -1.92570214080608 FALSE ""
600 75 579 1.12849778722017 -2.96081621660086 1.29440208098491 -2.21977776639256 FALSE ""
400 13 580 1.25544042271084 -2.91127481747528 1.50775616592744 -2.05884748100117 FALSE ""
600 15 581 1.15461186445081 -3.40283876047629 0.931018301019417 -1.83322250429209 FALSE ""
900 63 582 1.05822375820048 -3.03472881136962 0.98512224574475 -1.88929779508146 FALSE ""
200 62 583 NA NA NA NA FALSE ""
900 6 584 1.28615436564531 -2.93637443310633 1.27965772764564 -2.08160706307421 FALSE ""
1000 29 585 1.22571242749737 -3.18146319292877 1.23650374383657 -2.02926890625157 FALSE ""
1000 66 586 1.16202152077095 -2.9602166635594 1.28891392838492 -2.2034466263016 FALSE ""
100 58 587 0.486765302698561 -2.14079413381039 0.738967372772856 -1.4888368101882 FALSE ""
600 74 588 5.89671154856398 -1.6053935663066 6.39685336727268 -0.495069846498822 FALSE ""
1000 7 589 1.27182546226901 -3.00251001911084 1.23483757643561 -1.83057102070631 FALSE ""
800 64 590 1.11290762782995 -2.9453143491479 1.43877373788848 -2.40056927138357 FALSE ""
200 18 591 1.16803568473006 -3.09582411255264 1.13603289836052 -2.24617798685455 FALSE ""
400 20 592 1.06868392926565 -2.86427401424811 1.14711029561028 -1.84395128214283 FALSE ""
1000 93 593 1.19886489035891 -3.0033209693482 1.20376872031343 -1.74831313011801 FALSE ""
1000 58 594 1.24999892798244 -3.08027880642843 1.46343260780174 -2.16946857968087 FALSE ""
700 34 595 1.23330182565425 -2.7741546755531 1.38473934850933 -1.84855261755682 FALSE ""
1000 36 596 1.15838058616984 -2.92131593750905 1.26489830975295 -2.29479461225377 FALSE ""
100 77 597 3.02282340868038 -1.86761085739048 3.52058421404374 -0.838147576393507 FALSE ""
900 11 598 1.20934943298372 -3.11199077625594 1.33406811325754 -2.1200561420041 FALSE ""
400 78 599 1.19878433433476 -3.02041930363976 0.990502502996919 -1.57156401599855 FALSE ""
100 20 600 1.02681255706467 -3.62645251289449 1.17347919572963 -3.17120245665072 FALSE ""
500 47 601 1.13930776082517 -2.86742504348928 1.34615782929874 -2.21983539302593 FALSE ""
300 53 602 6.20384847512505 -1.48716982527887 6.59820306770185 -0.363387713802462 FALSE ""
300 4 603 1.31323682162364 -3.05221418228462 1.33169733286923 -1.92077953413563 FALSE ""
300 38 604 0.970849195787932 -3.34941053493693 0.933847547691698 -2.40777145557523 FALSE ""
1000 37 605 1.2182816687143 -3.25744996918576 1.41988271771089 -2.4873061272244 FALSE ""
900 54 606 3.4244023921272 -1.66767867201425 3.94151614671574 -0.737727446466263 FALSE ""
100 59 607 1.14188713147307 -3.63182554752257 1.03184165329164 -2.65225109516668 FALSE ""
800 78 608 1.09381856122491 -2.80045004054448 1.26954654513246 -1.96765763702337 FALSE ""
400 63 609 1.22971506254872 -3.06465118447997 1.43225438729615 -2.47643901515469 FALSE ""
200 10 610 1.20315047662418 -2.92143201115846 1.22245062626292 -2.19842106731145 FALSE ""
1000 100 611 1.24190064837474 -3.37930936194699 1.36025196899088 -2.46126976965812 FALSE ""
500 52 612 1.25807499121378 -2.87182425316195 1.5000024447568 -2.06261535769458 FALSE ""
100 94 613 0.697598667778823 -3.25388742244133 0.788813692226941 -3.04068116114524 FALSE ""
900 25 614 1.22352888264702 -3.05569022249356 1.43290857982966 -2.48633210932606 FALSE ""
800 31 615 1.17031167857905 -2.91396619596039 1.29073067693237 -2.23410940507647 FALSE ""
600 8 616 1.21376280249648 -3.44337947222371 1.22697016031685 -2.6094997221206 FALSE ""
100 9 617 NA NA NA NA FALSE ""
400 38 618 1.21826954259167 -3.10231513269808 1.15881235838554 -1.81926359458848 FALSE ""
200 30 619 3.25208371836855 -1.57037487042262 3.69690668107946 -0.668580233885267 FALSE ""
100 19 620 NA NA NA NA FALSE ""
200 74 621 1.12154365604475 -3.48114450323244 1.15112876950074 -2.66723323077868 FALSE ""
200 6 622 NA NA NA NA FALSE ""
900 66 623 1.15874776576566 -3.25613655470126 1.08995824875529 -2.18667867708128 FALSE ""
1000 16 624 1.11306062028092 -3.1937797527737 1.05436684616193 -2.0910361570616 FALSE ""
400 32 625 1.33228024342453 -2.9420670694747 1.28768843730962 -1.82700323260628 FALSE ""
200 43 626 NA NA NA NA FALSE ""
300 28 627 11.6424869232798 -1.71396033644081 12.0889062846743 -0.440187361825147 FALSE ""
900 61 628 1.2318714161219 -3.10431748941747 1.36354965435382 -2.21709841691779 FALSE ""
700 63 629 1.18202649632539 -3.523342616263 1.06457946825698 -2.36550770896068 FALSE ""
700 85 630 1.18599479265353 -3.08995620647851 1.36521258768327 -2.42383079914486 FALSE ""
800 55 631 1.15724762077065 -3.05879973982024 1.22442258380464 -2.04277779934366 FALSE ""
700 55 632 3.64662505788256 -1.67891293178992 4.18019211179794 -0.702785259395837 FALSE ""
1000 11 633 1.33498922630201 -2.67201457776899 1.50607055331499 -1.76272036921919 FALSE ""
400 56 634 NA NA NA NA FALSE ""
900 95 635 1.12967521121277 -2.80316246071215 1.32289324065961 -2.04056106553438 FALSE ""
800 30 636 1.17697935039854 -3.09192436408488 1.2373069165473 -2.13367151475503 FALSE ""
600 92 637 1.18152479999711 -2.83451839313364 1.39574278764845 -2.27969006189769 FALSE ""
100 3 638 NA NA NA NA FALSE ""
300 13 639 1.0226572013174 -3.10170108473963 0.784206743476731 -2.04128256059352 FALSE ""
700 38 640 1.27313469665523 -3.08570064223442 1.14633740702226 -1.82741344379675 FALSE ""
400 74 641 0.98087569754816 -2.70147461083038 1.24561666632135 -2.23704258193445 FALSE ""
1000 98 642 1.21805746677159 -2.94408926327352 1.52936345260929 -2.41962614859989 FALSE ""
400 65 643 1.16109996265592 -2.84974301795762 1.22910158080025 -1.56637665083748 FALSE ""
800 16 644 1.17114419721915 -2.99583437703344 1.077359674955 -1.83656950782939 FALSE ""
200 17 645 1.18440817138098 -2.38683501613415 1.56317897871254 -2.40005329570152 FALSE ""
800 32 646 13.2821124235041 -1.59751314780215 13.7274893116007 -0.382349205436804 FALSE ""
500 9 647 1.29981195747421 -3.04162766508838 1.53404945963344 -2.33993872100577 FALSE ""
300 17 648 1.24928852988978 -2.17148803730395 1.45232825373358 -1.41179700894114 FALSE ""
100 98 649 1.01746767681674 -3.014425042121 1.37356982845198 -2.57536121392721 FALSE ""
200 47 650 1.16262221156594 -3.85650723964541 0.993378383390333 -2.77047767244065 FALSE ""
900 76 651 3.87379240266761 -1.47120149359835 4.33094987235418 -0.522684504402072 FALSE ""
700 89 652 1.29787066808307 -3.00162147860623 1.44014312578822 -2.20221902708042 FALSE ""
900 100 653 1.16438950407789 -3.06091084324252 1.18718952702415 -2.11337809307108 FALSE ""
900 5 654 1.37387552177713 -3.12412149354044 1.46777703040883 -2.10791959092534 FALSE ""
1000 28 655 1.10412996857099 -3.12457881187524 1.18144640220521 -2.22413531607828 FALSE ""
400 70 656 1.16415941881335 -2.78464534320246 1.13222420865559 -1.80852836106551 FALSE ""
200 100 657 1.3362178973936 -3.14016285022937 1.36469148153284 -2.21976515703969 FALSE ""
100 88 658 1.19918106406302 -3.404795835186 1.88236821263602 -4.23177393224607 FALSE ""
300 69 659 NA NA NA NA FALSE ""
400 83 660 1.31126727257197 -3.3242006790913 1.27968177103217 -2.47083892405562 FALSE ""
200 44 661 1.05128468174025 -3.24681130679157 1.17812809926505 -2.63613335072577 FALSE ""
700 43 662 1.19421127472461 -2.73547882836198 1.37489158271541 -2.04550843167756 FALSE ""
200 12 663 1.04306695991032 -2.9870998806931 1.12484757208105 -2.67190651242529 FALSE ""
800 94 664 1.22250200606972 -2.80645714483511 1.40398513114369 -1.89247012850373 FALSE ""
100 18 665 0.837933718649792 -3.32274534570431 0.694288720971767 -2.9588507140414 FALSE ""
1000 65 666 1.15068763382279 -3.15686399895723 1.14277318806806 -2.01426722550361 FALSE ""
100 84 667 1.322408147492 -4.23568376068439 1.2568932392381 -2.37532286381316 FALSE ""
900 88 668 1.20928472982809 -2.9747675906105 1.32182641948551 -2.12126809872895 FALSE ""
400 99 669 1.07183567612179 -3.45427511282268 0.870596774491928 -2.2518363301954 FALSE ""
900 8 670 1.12034164102894 -3.07942168269921 1.03917192188997 -1.77254091544454 FALSE ""
400 61 671 1.14556995022208 -3.12316610213756 0.895148897964212 -1.4732970282388 FALSE ""
800 7 672 1.04451273660987 -2.96306697145786 0.914489987099747 -1.772504022692 FALSE ""
900 1 673 1.21379501345227 -2.93442367237632 1.38711323326977 -2.05385806410559 FALSE ""
800 96 674 1.10252027676036 -3.0827271853003 1.13198161424576 -2.1972549048651 FALSE ""
200 92 675 1.07059394591092 -3.58215525170827 0.533918554822824 -1.5559050408822 FALSE ""
500 71 676 1.22117659950022 -3.00600997510086 1.52353663496656 -2.45368658068629 FALSE ""
500 27 677 1.23059395849641 -3.21632507895907 1.13435640073441 -2.14433160469014 FALSE ""
1000 99 678 1.26014724741567 -2.57839007070014 1.40162884266265 -1.90701287614476 FALSE ""
200 63 679 1.37507829236157 -3.53440866426086 1.39391969262692 -2.44752731044405 FALSE ""
100 14 680 1.11858883730999 -3.30427733630602 1.03444131429747 -2.20884999997976 FALSE ""
600 69 681 1.2230384616793 -2.72564819876417 1.32541036975595 -1.93509437749814 FALSE ""
1000 84 682 1.19284250228455 -3.17587389000625 1.28841870332153 -2.30862337246005 FALSE ""
200 56 683 1.22491341649267 -2.80955537308902 1.6969834423311 -3.00243753535206 FALSE ""
700 65 684 1.22069525948098 -2.74419801813271 1.22784318839768 -1.60571774718341 FALSE ""
700 36 685 1.31099159616631 -3.1200946793371 1.6406023804838 -2.35223311633926 FALSE ""
500 83 686 1.14639077211768 -3.1611201223118 1.1937959518667 -2.2090310421085 FALSE ""
400 5 687 1.21110436269981 -2.87567384633628 1.1606304658127 -1.91295589038046 FALSE ""
900 94 688 1.15473555431061 -2.65920128714578 1.24604407823172 -1.93008483571304 FALSE ""
400 33 689 12.6189613032198 -1.41521093521114 13.003006166262 -0.248894266731369 FALSE ""
600 87 690 1.12360860897188 -3.63724963857635 0.806454353095959 -2.04073437596585 FALSE ""
200 40 691 1.05999671090849 -3.18988727342839 0.849890276492472 -1.55558948749513 FALSE ""
300 85 692 1.23294054613979 -2.79135427552027 1.10821037649343 -1.5293444663634 FALSE ""
300 94 693 1.11337187222827 -3.19529103063483 1.2503520109638 -2.7723568844174 FALSE ""
900 82 694 13.2911469892491 -1.6127485642364 13.6204734488087 -0.226043001330606 FALSE ""
400 39 695 1.02788500320647 -2.64557817157941 1.09146985330241 -1.87017148717289 FALSE ""
900 52 696 1.22912043566397 -2.8988293450648 1.25607315159761 -1.82553483347231 FALSE ""
800 71 697 1.17015317177133 -3.15569733160823 1.22119191155435 -1.84786833976177 FALSE ""
1000 32 698 1.36256240666492 -3.07417662762285 1.32567328811021 -1.89744019523003 FALSE ""
900 90 699 1.30732519440185 -2.96798827485672 1.25405072230616 -1.82781949083278 FALSE ""
1000 95 700 1.13443744731189 -3.32636822028908 1.14675015858769 -2.34199995155987 FALSE ""
500 24 701 NA NA NA NA FALSE ""
900 18 702 1.14922650212791 -2.97423289771125 1.28639663300529 -2.08606825573246 FALSE ""
500 37 703 1.46657280754365 -3.13399939539863 1.22774857752763 -1.4706509446296 FALSE ""
700 93 704 1.11965886850067 -2.92813260802601 1.47834039628744 -2.63398873821175 FALSE ""
100 53 705 0.756166329670211 -3.64032875844665 1.30676578367437 -3.15530091122769 FALSE ""
100 41 706 NA NA NA NA FALSE ""
100 89 707 0.859073594641759 -3.45984666475386 0.532501299963987 -2.20754337508121 FALSE ""
200 83 708 3.53063494051805 -1.94159368406145 3.99083617326154 -0.65654630909427 FALSE ""
1000 1 709 1.21685485633503 -2.97832277187724 1.20255857700425 -1.73032171074748 FALSE ""
100 10 710 0.939417359643337 -3.20101465104781 0.916556150632422 -2.29591408808484 FALSE ""
300 76 711 1.07639940419471 -3.51988235268608 1.23706019738001 -2.83157823482502 FALSE ""
700 28 712 1.04393492420134 -2.91994640776802 0.978916671938784 -1.96522298335552 FALSE ""
600 43 713 0.995405601689318 -2.92079866840498 1.18377473195531 -2.45566753975534 FALSE ""
500 95 714 1.20445621534662 -3.20025210877164 1.24924690613864 -2.21941279437401 FALSE ""
600 26 715 NA NA NA NA FALSE ""
100 33 716 1.14765427195013 -2.82149586390137 1.46690090300607 -2.72939557981202 FALSE ""
100 16 717 NA NA NA NA FALSE ""
400 46 718 6.81500498776407 -1.61597849854143 7.18601721350227 -0.306480545457741 FALSE ""
800 86 719 1.16912659321265 -2.97229303083197 1.18170594951283 -1.95787093643045 FALSE ""
800 82 720 1.17469347581258 -2.52014791249637 1.19290160304014 -1.43054179415519 FALSE ""
1000 43 721 1.1685271364748 -3.02890695378676 1.19462257780612 -1.99396170801697 FALSE ""
1000 51 722 1.25525462524746 -3.24722741700674 1.37849403296406 -2.32463341474659 FALSE ""
200 21 723 NA NA NA NA FALSE ""
700 60 724 1.21145502921243 -2.94131320627018 1.22022945381947 -1.97550638250592 FALSE ""
500 31 725 1.15935316412906 -2.85695563050549 1.53256695452565 -2.6522727150047 FALSE ""
500 77 726 1.26365783522678 -3.20302362235695 1.44672673238234 -2.33887730154574 FALSE ""
800 42 727 1.16686679347295 -2.9034534406131 1.18650258122417 -1.92399535644363 FALSE ""
500 16 728 NA NA NA NA FALSE ""
800 77 729 1.14005591932129 -3.33466068175287 1.26537971452653 -2.45004992982389 FALSE ""
400 19 730 NA NA NA NA FALSE ""
800 76 731 1.23692716152762 -3.82715905426489 1.1637572873728 -2.58967083240451 FALSE ""
500 96 732 11.5493336522164 -1.51402154178641 12.0797634929002 -0.496468631207221 FALSE ""
400 96 733 1.31167032240892 -3.04228214569067 1.31446811288284 -1.95983780186084 FALSE ""
1000 13 734 1.18488385333795 -2.77210060290908 1.15315547831432 -1.62469018812627 FALSE ""
500 43 735 1.04412280109009 -3.06151546321185 0.707077501246403 -1.79338755954055 FALSE ""
200 99 736 0.838421587378762 -2.91797308270552 0.981327563179858 -2.29838731384599 FALSE ""
100 23 737 1.14395696919639 -3.42530711178624 1.06560865962959 -1.83500261182961 FALSE ""
200 36 738 1.17794049979497 -3.31382544480119 1.19974776694927 -2.28562108699127 FALSE ""
1000 38 739 1.29399088735801 -2.78377171781041 1.46088178588963 -2.06321883436745 FALSE ""
1000 97 740 1.12805756612208 -2.8246897753089 1.20718951192191 -1.96600291324907 FALSE ""
400 57 741 1.30011246246873 -2.68980555354727 1.38418697217095 -1.69333214173753 FALSE ""
100 66 742 7.15448035400121 -1.62563682912653 7.67826324077097 -0.57927187532853 FALSE ""
300 96 743 0.96574468448923 -3.88012559735765 0.719377181872654 -2.3791121714921 FALSE ""
100 48 744 1.0222348702869 -2.95563677617806 0.70493297492912 -1.90837624247316 FALSE ""
600 63 745 1.06453441941421 -2.79845303782074 0.862190632373831 -1.5447090039844 FALSE ""
900 14 746 1.23469303419799 -2.54031234203555 1.26122800952868 -1.44729895754845 FALSE ""
300 75 747 1.2211322987188 -2.41054252852393 1.55701070272238 -1.97207824476921 FALSE ""
1000 27 748 1.23215086199569 -3.27085670382121 1.16746506169868 -2.0309633448327 FALSE ""
700 57 749 1.075745851266 -3.0532259229917 1.07831421770452 -2.08882856213702 FALSE ""
400 91 750 NA NA NA NA FALSE ""
300 88 751 1.27989211703688 -2.76575908599862 1.46857816713961 -2.04879838441179 FALSE ""
1000 48 752 1.2310705277019 -3.05941994358805 1.41219045709328 -2.25415457204937 FALSE ""
600 91 753 1.26618370527582 -2.87660700460818 1.52112253818236 -2.2217928483982 FALSE ""
100 27 754 NA NA NA NA FALSE ""
700 72 755 1.25360046992497 -2.79020647817369 1.1954215078145 -1.71945592521833 FALSE ""
400 51 756 1.27490012772768 -2.65246839872039 1.30533348138481 -1.59972239649853 FALSE ""
800 34 757 1.16578009427705 -2.96379931208292 1.25268585050297 -2.06464356794157 FALSE ""
800 39 758 1.2630761674336 -3.83317776783456 0.967332362123724 -2.12894545205245 FALSE ""
400 25 759 0.787041532344483 -3.28005405026975 0.722496118001486 -2.5068296533827 FALSE ""
400 42 760 1.21621982607758 -2.57517931662637 1.06058467892574 -1.19678913982373 FALSE ""
400 77 761 NA NA NA NA FALSE ""
800 18 762 1.14080183828901 -2.9224678055587 1.28246133758858 -1.97454597203932 FALSE ""
800 92 763 1.31243576859263 -3.1360381136229 1.37643556840636 -2.06798524461444 FALSE ""
700 35 764 1.15155185510466 -2.87348072756919 1.32959469912132 -2.25222760968779 FALSE ""
300 64 765 1.14238676012437 -2.92724829808728 1.28271481604733 -1.82875212776115 FALSE ""
500 23 766 1.20911844666647 -2.70218068509553 1.44208934157835 -2.08303478703318 FALSE ""
200 22 767 NA NA NA NA FALSE ""
300 77 768 6.63489302788124 -1.5277868585833 7.18668679680948 -0.498671211772599 FALSE ""
500 36 769 1.06181799741423 -3.21381841597745 1.31756471964246 -2.43465543953106 FALSE ""
800 49 770 1.13529302283954 -3.30741820142855 1.13745396794206 -2.02868317076327 FALSE ""
700 59 771 1.2019116098959 -3.16750895404942 1.15337382996867 -1.75371304941503 FALSE ""
900 48 772 1.12060025434577 -3.02901085191569 1.23736443819331 -2.06613500879232 FALSE ""
800 40 773 6.27794000829496 -1.43427855948066 6.72167715401303 -0.392052323126117 FALSE ""
700 47 774 1.14469619295414 -3.16512145241635 1.28254002378075 -2.28074296866772 FALSE ""
600 64 775 1.19272802774939 -3.17617350131839 0.950818420713601 -1.85548663352731 FALSE ""
900 3 776 1.19931488611074 -2.95104960275236 1.34574303320254 -1.83425445042209 FALSE ""
500 85 777 0.93786851501955 -2.88161420668043 0.826111528099703 -1.81863354198553 FALSE ""
1000 73 778 1.24761397767576 -3.13243007984755 1.19317858516135 -1.96602914423868 FALSE ""
400 35 779 1.25849030473009 -3.37550506724559 1.19487504633735 -2.21289816265347 FALSE ""
700 68 780 1.2466832380805 -2.84214297712561 1.3170690293073 -1.74851448765119 FALSE ""
600 58 781 1.09983031037037 -2.92166005737862 0.949858213401572 -1.8497074982911 FALSE ""
900 42 782 1.27136595685844 -2.73856072444774 1.37997046318532 -1.80029000870151 FALSE ""
600 94 783 1.03112642001951 -2.76903790781265 1.4761622098283 -2.52362472841613 FALSE ""
900 73 784 1.22603469521114 -2.86048462305159 1.28433477034851 -1.93423420231206 FALSE ""
600 20 785 1.21360876067214 -2.70071722895643 1.39456343548912 -2.04700860864952 FALSE ""
600 46 786 1.20663273660661 -2.96553243835063 1.29320285306731 -2.1022975579059 FALSE ""
200 38 787 1.04986132170047 -3.0667839822722 0.982181628283129 -2.11490211690445 FALSE ""
500 75 788 1.39157294329666 -3.07374514516104 1.35733674894718 -1.72377110317268 FALSE ""
900 78 789 1.16492176905694 -2.89078396651265 1.01717726033229 -1.6529506164028 FALSE ""
700 94 790 1.09931565931339 -3.14378506930133 0.997884505433038 -2.02037130401371 FALSE ""
700 50 791 1.35048145094762 -2.98778435166205 1.44276286232425 -2.10001536014886 FALSE ""
800 56 792 1.26298193453746 -2.91756120001798 1.40470563949656 -2.07776654877507 FALSE ""
800 35 793 1.28018363136075 -2.60227720417092 1.44172299718562 -1.73383976020339 FALSE ""
800 58 794 1.17037037778095 -2.85103781387946 1.13541563893221 -1.88580796881034 FALSE ""
300 58 795 NA NA NA NA FALSE ""
900 37 796 1.27705135370576 -3.15606968192901 1.3966428238635 -2.28097964006187 FALSE ""
400 3 797 1.27795776113966 -3.06281200965864 1.42198082594475 -2.22762375417915 FALSE ""
900 57 798 1.24624127488679 -2.53361899232698 1.45708858587126 -1.83733434067312 FALSE ""
100 92 799 NA NA NA NA FALSE ""
700 6 800 1.16782575330596 -3.09597147637133 1.06330447970219 -2.0023369820822 FALSE ""
1000 4 801 1.31107230889031 -2.71275061746893 1.45733224445031 -1.88587462597914 FALSE ""
600 70 802 4.12263023947957 -1.57857842339693 4.64096353316756 -0.595848457243623 FALSE ""
1000 59 803 1.27579330044798 -2.74172777858295 1.49586169793297 -1.98930453716893 FALSE ""
100 30 804 1.03973980074266 -3.05419992921139 1.02641880616848 -2.75180217875725 FALSE ""
700 51 805 1.26923678532753 -3.16014977490665 1.38125467555609 -2.14033194449194 FALSE ""
100 38 806 1.26438230083023 -2.49806469387103 1.68956872979373 -1.97533942746501 FALSE ""
700 73 807 1.12921837727592 -2.83301024033835 1.33258352759529 -2.24864939264945 FALSE ""
300 5 808 NA NA NA NA FALSE ""
700 33 809 1.30222163828673 -3.2284809420593 1.29713442822113 -2.14372956184968 FALSE ""
900 16 810 1.29081207268961 -2.99191336910021 1.30497153740655 -1.71328039518575 FALSE ""
300 70 811 1.20612933610745 -2.62532838918517 1.15452359272185 -1.47186231813271 FALSE ""
700 4 812 1.02573454257218 -3.06171567355213 0.867697096545491 -1.9834306646654 FALSE ""
1000 62 813 1.23858908787006 -2.97548484390485 1.51170055728452 -2.33733171792679 FALSE ""
800 60 814 1.20180240087796 -3.06167742870253 1.21279752675437 -1.94142984856703 FALSE ""
1000 5 815 1.25628028958077 -3.02757235253176 1.2331500063984 -1.79598534239749 FALSE ""
300 99 816 8.82641844432335 -1.43147544227139 9.37202108600482 -0.446125866217278 FALSE ""
300 55 817 1.1908085841149 -2.83931844599145 0.775054482184433 -1.2228142823011 FALSE ""
300 73 818 1.13727413439413 -2.77446366511528 1.66197358122557 -2.58602748738385 FALSE ""
700 54 819 1.30745613991966 -3.09537123542457 1.20857306899878 -1.80930628153159 FALSE ""
800 75 820 1.23905001096395 -3.2426617596263 1.09773522060556 -1.86449021977864 FALSE ""
900 31 821 1.20095634950509 -3.11215645460232 1.25953104874465 -2.32968096645665 FALSE ""
300 66 822 1.05604850056767 -3.24807795923767 0.936625310189422 -1.99161947010365 FALSE ""
800 37 823 5.96646066420875 -1.36652739991233 6.52748060414592 -0.514076263493397 FALSE ""
500 1 824 NA NA NA NA FALSE ""
300 26 825 1.27457028433641 -3.26577396110877 1.3369076938918 -2.04600918415831 FALSE ""
500 67 826 NA NA NA NA FALSE ""
900 49 827 1.26332160020593 -2.85276872345946 1.34529945172936 -1.61015186863174 FALSE ""
200 11 828 1.08133852649145 -2.39946883024236 1.11849072833631 -1.35010934854858 FALSE ""
100 25 829 12.4100445080148 -1.35975105031567 12.9194007813895 -0.416932840172972 FALSE ""
100 61 830 1.20802805829109 -3.95751727222637 1.14333460942202 -2.69584559691978 FALSE ""
200 65 831 1.1556595090602 -2.9932196022428 1.29857307488546 -2.42384045107933 FALSE ""
100 34 832 NA NA NA NA FALSE ""
300 89 833 1.20977006674899 -2.93058927906352 1.08359751283344 -1.858462573776 FALSE ""
1000 87 834 1.20110344418874 -2.78570754457171 1.26728314886785 -1.73526565122435 FALSE ""
600 48 835 12.2391950934302 -1.33981730970499 12.7794239394339 -0.493789332551829 FALSE ""
1000 82 836 1.27515191222795 -3.05550973001651 1.23868356049639 -1.87544294444137 FALSE ""
300 46 837 1.06017851360548 -2.91844083264934 1.12370385209173 -2.27450492697443 FALSE ""
300 79 838 3.05504867585831 -1.83362480538481 3.37495322786971 -0.531372856460579 FALSE ""
400 7 839 1.05563022961297 -3.31843973405215 1.11942184809379 -2.31631541097801 FALSE ""
1000 24 840 1.16333660820792 -2.95633744055704 1.2511737325698 -2.1856954104395 FALSE ""
400 2 841 1.15926457872954 -2.78787131975697 1.37423183715438 -2.17846442127103 FALSE ""
600 80 842 1.15422396770661 -2.82277349704098 0.990912596265092 -1.54056275992896 FALSE ""
400 47 843 1.07434225713764 -3.01932872063044 1.11878794838855 -1.90360036544589 FALSE ""
300 49 844 1.24385288616956 -3.07775093593759 1.28471106884372 -2.21226816133903 FALSE ""
900 53 845 1.19667931974065 -3.77607848010369 0.978773541742118 -2.49086912902903 FALSE ""
700 84 846 1.16660832801808 -3.23322319346572 1.08694853174204 -1.83360169602008 FALSE ""
900 68 847 1.28591266426782 -2.8228592571827 1.24647760880721 -1.83330286188796 FALSE ""
500 29 848 1.18837831951784 -3.0130687416205 1.21599508116879 -2.00426356070509 FALSE ""
900 32 849 1.12411367833134 -3.03272781305869 1.18086653644897 -2.07236403050898 FALSE ""
200 51 850 1.13813332605277 -2.42360791123453 1.34308874275625 -1.96602320468075 FALSE ""
200 81 851 1.2656349802565 -4.37621122781964 1.28814645045944 -3.53142014549526 FALSE ""
600 24 852 4.80691877139117 -1.44807295545822 5.30619400653558 -0.50774641612426 FALSE ""
500 66 853 1.30097348781148 -2.937337284276 1.59561907325693 -2.22175415268543 FALSE ""
400 95 854 NA NA NA NA FALSE ""
600 36 855 1.25522389902367 -2.98544965348582 1.35254477137032 -2.05407315794448 FALSE ""
800 11 856 1.31901208107403 -2.78587204093686 1.49088872169533 -1.91502576320258 FALSE ""
500 86 857 1.02626780666404 -3.27155877687217 1.02661479115308 -2.23214197138061 FALSE ""
100 13 858 0.561142963834589 -4.02987377415308 0.626869532936305 -3.30831423283389 FALSE ""
800 59 859 1.23944006760043 -2.67945270998717 1.40355500660511 -1.84706614252036 FALSE ""
300 24 860 1.18615000975748 -3.12121159347331 0.895663196056038 -1.51060165336857 FALSE ""
1000 45 861 1.26176500016647 -3.11398145302831 1.18669727085379 -1.85137026461916 FALSE ""
300 95 862 0.938776706960195 -2.61665435822935 1.12159013966871 -1.99559454195621 FALSE ""
400 44 863 1.25791963890446 -3.26771894840958 1.36512315981468 -2.4870732855703 FALSE ""
200 77 864 1.12061448507001 -3.07127025156189 1.03598897678758 -2.18771755630778 FALSE ""
1000 91 865 1.26158615159504 -2.81988155892394 1.6631335011041 -2.38066281016463 FALSE ""
1000 26 866 13.2695675492793 -1.3766009672203 13.7691572404282 -0.420511903462536 FALSE ""
500 48 867 1.16740238495756 -2.78876944496604 1.27128601977175 -1.69384597141499 FALSE ""
400 23 868 13.2051309994386 -1.59012905276451 13.6272262459186 -0.357511904480642 FALSE ""
300 1 869 NA NA NA NA FALSE ""
800 69 870 1.2028587331729 -2.88171714723202 1.49504848317386 -2.37900507858724 FALSE ""
1000 70 871 1.12785065399824 -2.95873953753825 1.0730262907873 -1.96666382892332 FALSE ""
700 17 872 1.13065593791617 -3.20153485859053 1.22601496994735 -2.50355467927076 FALSE ""
100 82 873 1.27871963895061 -2.30664202293575 1.24859922324325 -0.942917148688215 FALSE ""
400 8 874 1.08285672604973 -2.4019127268523 1.20230865327338 -1.60003870440221 FALSE ""
400 11 875 0.900491413364781 -3.05547582599096 0.973156697422722 -2.24553417127382 FALSE ""
600 60 876 1.25439874409628 -2.59739280936221 1.47461492419248 -1.87021857849433 FALSE ""
600 78 877 1.26726368271392 -3.22723521236236 1.42251868907163 -2.34114850679222 FALSE ""
1000 39 878 1.15208408889483 -3.09585574911834 1.2127577165373 -2.37764696153501 FALSE ""
800 21 879 1.30371661584595 -2.88945412880293 1.39942120080958 -1.80274144311226 FALSE ""
900 64 880 1.14460802737427 -2.79582307207907 1.22680934579072 -1.7587199555402 FALSE ""
1000 54 881 1.23083093384742 -2.85282967614639 1.26591106327934 -1.8746253793192 FALSE ""
600 28 882 NA NA NA NA FALSE ""
200 34 883 6.03429759658609 -1.42518250770518 6.65959481253069 -0.578249111730408 FALSE ""
500 78 884 1.14660752284019 -3.2115118257912 1.01370996833288 -1.82263496878286 FALSE ""
700 97 885 1.14477653450839 -2.95727278376246 1.12910803828588 -1.89235235815091 FALSE ""
100 39 886 1.26467005811882 -3.20656777345799 0.906572749884773 -1.43647544387251 FALSE ""
600 89 887 1.23433709453847 -3.16413393508599 1.37120821275769 -2.622061398804 FALSE ""
300 27 888 4.83422467591136 -1.71281938511168 5.31953572287344 -0.5564017963969 FALSE ""
1000 3 889 1.23146574791237 -2.98934557059494 1.36953495992125 -2.15289683633453 FALSE ""
900 99 890 12.7617556253406 -1.47498005002828 13.3008564367792 -0.458001953604675 FALSE ""
500 46 891 1.20014882708145 -2.99360282871514 1.22589477162966 -1.85619668564301 FALSE ""
1000 53 892 1.2633571434761 -2.83060253509872 1.44284630032911 -1.87377477591112 FALSE ""
1000 12 893 11.1292270235223 -1.53651146173937 11.7018857570798 -0.53653290499102 FALSE ""
200 5 894 6.47790895842985 -1.36404794039769 7.11043596365834 -0.617153769234606 FALSE ""
600 95 895 6.54011847480844 -1.63143515469657 6.95645921727314 -0.372592101015584 FALSE ""
1000 78 896 1.14558525147603 -2.90881100752334 1.17011916521981 -1.96577550827995 FALSE ""
600 90 897 1.05341929046601 -2.78176290803342 1.05444262583636 -1.85122023166786 FALSE ""
100 91 898 1.36987727802074 -3.65913191953685 0.749684316636249 -1.71709897747442 FALSE ""
900 21 899 1.30614598693269 -2.81893799854175 1.5313609843174 -2.07159678476151 FALSE ""
500 82 900 1.21689341257509 -3.31697432222348 1.01179734310113 -1.7925830710267 FALSE ""
600 27 901 1.16458395854886 -2.77732012264168 1.23045352021513 -1.86345130967939 FALSE ""
800 1 902 1.26892060601197 -3.14608989328816 1.13095780419564 -1.80491659778011 FALSE ""
500 97 903 1.28117714661716 -2.78807057849468 1.5046478014605 -2.03315923361151 FALSE ""
900 35 904 1.11045069366343 -2.7570894508299 1.20780054799147 -1.90393696746205 FALSE ""
300 10 905 1.24576028552562 -2.89605005997226 1.24775743353061 -1.64391805379354 FALSE ""
100 55 906 1.10933097752705 -3.13164556928455 1.36472966223759 -2.47733518718486 FALSE ""
1000 83 907 1.25419651097244 -2.91456029534162 1.24640528337076 -1.64579662902123 FALSE ""
700 66 908 1.36934746979668 -3.38408715731801 1.33533182303651 -2.14696307551824 FALSE ""
600 93 909 1.18024309982099 -3.14230587590465 1.27358116896027 -2.18280058782198 FALSE ""
600 44 910 1.32503402564052 -2.93676489950437 1.4138934920734 -2.03437100875907 FALSE ""
700 42 911 1.16558464874997 -3.06888495602779 1.15023238325147 -2.25244866953505 FALSE ""
300 60 912 1.26646679820101 -2.97824163299973 1.31937280370669 -1.73554918676763 FALSE ""
1000 60 913 13.2619781926234 -1.41811962176991 13.8755261875117 -0.574966312038057 FALSE ""
400 89 914 1.18219810022777 -3.05909368865863 1.30441007306836 -2.20752376767649 FALSE ""
700 32 915 NA NA NA NA FALSE ""
100 32 916 NA NA NA NA FALSE ""
1000 72 917 1.19209490768614 -2.89678412836631 1.26728246064022 -2.09236355451513 FALSE ""
700 21 918 1.11093965978939 -3.12966219911462 1.19847948686141 -2.20226101791555 FALSE ""
500 5 919 NA NA NA NA FALSE ""
800 91 920 1.22580133270492 -3.07442887599 1.34796242099307 -2.19366699697913 FALSE ""
400 21 921 0.986342052764503 -3.53490295060697 0.791420443266982 -2.48768170425469 FALSE ""
700 37 922 1.19875662440562 -3.03183606581371 1.01582463413184 -1.43757680169333 FALSE ""
300 67 923 1.25301010543796 -2.90119809881299 1.16809485074703 -1.92570802061286 FALSE ""
1000 85 924 1.18938419977441 -2.8208114885466 1.30436982578923 -2.03189074864566 FALSE ""
900 17 925 1.21306507623455 -3.02494706242233 1.06149711924307 -1.53339009809289 FALSE ""
400 15 926 1.34395154654428 -2.82799591131368 1.46861773358295 -1.9338072116916 FALSE ""
200 97 927 1.13162446260495 -2.76915699088875 1.16546091124578 -2.06576663756384 FALSE ""
500 21 928 1.07825661165494 -2.5027711485464 1.51617468543185 -2.4261297687774 FALSE ""
300 20 929 1.20003849312617 -2.95570673041321 1.41636945727387 -2.00355911341736 FALSE ""
800 24 930 1.27537041353506 -2.84934263679188 1.25715409405939 -1.60481293775204 FALSE ""
700 74 931 1.19115805584487 -3.3050992579308 1.37470392196276 -2.70745849022152 FALSE ""
200 25 932 12.2927827427914 -1.9374355861101 12.7459557459344 -0.428601901904867 FALSE ""
400 93 933 1.1498078952942 -2.89726442763981 1.38599156308934 -2.22454500074396 FALSE ""
600 84 934 11.4510883674312 -1.48093085780094 11.8759956624909 -0.315452600088563 FALSE ""
1000 90 935 1.22393931439509 -3.11606909246172 1.20138038633292 -2.08421972761199 FALSE ""
600 88 936 1.19297239109467 -3.33845252938054 1.23129273111666 -2.38113810590845 FALSE ""
300 8 937 1.1699438088121 -3.33211000998876 1.39873460181884 -2.31474919857373 FALSE ""
600 99 938 1.14788678195363 -3.11533732071948 1.24632393452831 -2.23577501167827 FALSE ""
600 81 939 1.10684044446565 -2.7794207291955 1.07871807176888 -1.61805423704102 FALSE ""
600 1 940 NA NA NA NA FALSE ""
100 97 941 1.36577461428001 -2.08930851639929 1.84704220782853 -2.03231804975919 FALSE ""
500 54 942 1.11786568732135 -2.83580278276821 1.30569863013458 -2.13521504667034 FALSE ""
300 74 943 1.29591018418584 -2.76934941354221 1.0763750542293 -1.37491630932586 FALSE ""
300 23 944 NA NA NA NA FALSE ""
600 57 945 0.955955835478291 -2.7887140024824 0.970565589499817 -2.15488478343278 FALSE ""
200 13 946 1.27333149549174 -3.52332369198519 0.952682990244001 -1.78392199549922 FALSE ""
1000 96 947 1.26152343757527 -2.93653096415107 1.41038928606336 -1.8400209192194 FALSE ""
400 100 948 1.16052771167594 -3.23939309398577 1.06960471034039 -1.85486682156344 FALSE ""
300 21 949 1.31805968828493 -3.38167498589275 1.28962902957089 -2.08317209570487 FALSE ""
300 9 950 1.05387287762576 -3.06952396321622 1.12317311441423 -2.22753533390334 FALSE ""
1000 89 951 1.39423496403555 -3.10107365253243 1.29588725862586 -1.63413347261719 FALSE ""
300 30 952 NA NA NA NA FALSE ""
900 4 953 1.02395125602028 -3.23114483011972 0.844997505123343 -2.07884728837819 FALSE ""
800 87 954 1.35224019056402 -2.95724238572623 1.31075026678354 -1.82323991783381 FALSE ""
1000 81 955 1.23369166473087 -2.84753409313799 1.23458915932198 -1.82936172635803 FALSE ""
1000 22 956 1.15513895727892 -3.17761184731131 1.27963638167264 -2.18650676545785 FALSE ""
200 52 957 0.976370387102439 -2.64087576952295 1.08869258105431 -1.7508761333644 FALSE ""
700 15 958 1.1630937364217 -2.65600547640511 1.52179800886945 -2.36253444374124 FALSE ""
700 92 959 1.18343388924816 -2.71653975701347 1.24390679333339 -1.67756866264863 FALSE ""
100 64 960 1.08627759070261 -3.01576403423095 0.720402159724357 -1.49752848485227 FALSE ""
600 97 961 8.35340426097743 -1.43489681899824 8.88203326102136 -0.465817000643041 FALSE ""
400 98 962 1.24669077903265 -3.62040274022494 0.992863110760504 -1.76433209889876 FALSE ""
700 13 963 1.33640885126179 -3.09409645888337 1.38971432341259 -2.13764620423864 FALSE ""
600 22 964 1.17613495474811 -2.79000242256001 1.38203434978378 -2.00704589697747 FALSE ""
600 67 965 1.26432200623311 -2.7451680327881 1.26706127321445 -1.7554266154334 FALSE ""
200 87 966 1.09667948057475 -3.22272548227432 0.979206230525414 -2.08700365379286 FALSE ""
1000 40 967 1.2055926388791 -2.98526968628989 1.21354669665365 -1.96446334831971 FALSE ""
700 18 968 1.13795352236074 -3.16783224574112 1.24039723790743 -2.04593632643363 FALSE ""
200 76 969 4.70659389543141 -1.34066516447798 5.31475235043286 -0.679890042300273 FALSE ""
700 71 970 1.28175373886903 -2.89567826941135 1.35053100836695 -1.88686347751577 FALSE ""
200 61 971 1.19338706625944 -3.611923015513 0.926927932598664 -2.37299467350807 FALSE ""
100 47 972 NA NA NA NA FALSE ""
100 6 973 1.21779006616919 -3.17250716572834 1.43893558618154 -3.24862346604774 FALSE ""
900 34 974 1.15940486978347 -2.95371189710712 1.12488162252975 -1.83738543575936 FALSE ""
600 33 975 1.27297804456649 -3.09082447392924 1.42447567607221 -2.26245766257432 FALSE ""
500 93 976 1.05009420133191 -3.12792804377058 0.950493166337109 -1.82482863486028 FALSE ""
600 18 977 1.07793918035919 -3.12412857562994 0.821908927254763 -1.5647004633803 FALSE ""
200 96 978 NA NA NA NA FALSE ""
1000 57 979 1.25698263991425 -3.06084689306766 1.44736575381223 -2.17572804298021 FALSE ""
100 86 980 0.977712801281893 -2.87385549218161 1.29521523538402 -2.54859268309804 FALSE ""
800 26 981 1.20943999340112 -2.65423749151677 1.29987986582137 -1.68456371603829 FALSE ""
100 46 982 1.15948019747775 -3.00921473866857 0.974948920497658 -2.05522936845824 FALSE ""
400 16 983 1.09755446770354 -3.00724104749245 1.2584924026708 -2.33241675025657 FALSE ""
800 66 984 1.11278868007795 -3.0728514951554 1.11699760623809 -2.226034870889 FALSE ""
100 83 985 3.73718359865735 -1.0410178151691 4.68415775817424 -1.02722276050862 FALSE ""
900 79 986 1.28100850175741 -2.78714744999993 1.30688740609963 -1.74714377135099 FALSE ""
900 22 987 1.28577922698025 -3.00970257791766 1.27682015075496 -1.87851423568944 FALSE ""
600 12 988 0.967263487134265 -3.05932168483803 1.01726071868294 -2.2258548631126 FALSE ""
400 10 989 1.26291558984336 -2.52817245833946 1.39188707420766 -1.89763361916083 FALSE ""
300 15 990 1.09297695499515 -2.509359614634 0.969307685666755 -1.37689439143735 FALSE ""
600 13 991 1.22993386257138 -2.94591203332907 1.5082145628483 -2.39467988936885 FALSE ""
500 13 992 1.22922399889327 -3.29963339441484 1.05799912059366 -1.92524840325625 FALSE ""
400 97 993 1.14827814698 -2.53752301446331 1.78065881387922 -2.35462708908544 FALSE ""
900 40 994 7.599498977837 -1.54010386269343 8.05442766354544 -0.398214000610786 FALSE ""
400 37 995 1.06748259569935 -2.86432125593033 1.09339079384616 -1.93269488263657 FALSE ""
500 84 996 1.24157127735063 -3.34381835973978 1.11722716746899 -1.89586094024892 FALSE ""
700 75 997 1.05760346033859 -3.31415973131166 1.19478381389053 -2.47382124387135 FALSE ""
900 58 998 1.2710492754754 -2.84429103111268 1.37565221568691 -1.9739594822806 FALSE ""
600 31 999 1.22477886660242 -3.31449723567459 1.28327497450901 -2.20068627521039 FALSE ""
800 13 1000 27.7639112540801 1.31600148857833e-16 28.4902873178265 0 FALSE ""
