"n" "rep" "id" "b0_mu_hat" "b1_mu_hat" "g0_si_hat" "g1_si_hat" "error" "errorMessage"
400 45 1 1.20694819793714 -3.02836748498155 1.12431869556488 -1.83310901897257 FALSE ""
900 11 2 1.17535247126375 -3.01605472423945 1.08687789234713 -1.82263948402944 FALSE ""
50 17 3 NA NA NA NA FALSE ""
900 47 4 1.31773368775789 -2.97997929744498 1.47155524189556 -2.10873594478089 FALSE ""
50 2 5 1.11932429153726 -2.23333243675581 1.63271693452216 -2.45769430031436 FALSE ""
100 22 6 1.30457572622143 -2.93291623332507 1.18412375267349 -1.40996565554023 FALSE ""
1000 45 7 1.27790777852523 -3.16656593317927 1.11475504017272 -1.8561149748726 FALSE ""
100 43 8 0.987784082722878 -3.08709234599977 1.31309459735532 -2.50949087828756 FALSE ""
900 41 9 1.32442873589195 -2.88242484646203 1.30187858903374 -1.83773280074627 FALSE ""
700 38 10 1.18646745565338 -2.58361246828688 1.2818802869391 -1.73752172895295 FALSE ""
600 1 11 1.25829639881692 -2.85351295779289 1.25210566377411 -1.7800544832994 FALSE ""
100 42 12 1.28891852893652 -2.62115290121594 1.00481825812212 -1.13526653295068 FALSE ""
50 4 13 1.28246522636552 -2.32987733145081 1.32378570881147 -1.37069629793159 FALSE ""
500 44 14 1.22150628907828 -3.2472789670993 0.878749632331324 -1.68231737664986 FALSE ""
1000 44 15 1.23544466196222 -3.26520329364513 1.18754834546972 -1.89949271968228 FALSE ""
700 1 16 1.11746715918403 -3.04325287781579 1.05158462472947 -1.99142321261347 FALSE ""
500 50 17 1.15576848219619 -3.02614323726623 1.30116120990076 -2.07201436648979 FALSE ""
400 48 18 1.12300354273987 -2.71905769670842 1.45634918831809 -2.23315240352974 FALSE ""
800 30 19 1.23257306983818 -2.6717609615789 1.22719121607828 -1.59165852197398 FALSE ""
100 27 20 0.93077293680489 -1.88217315160464 1.32822160563644 -1.53541725742468 FALSE ""
900 31 21 12.6250773815165 -1.36965361294768 13.2297129211128 -0.549116978067982 FALSE ""
800 22 22 1.26219721657374 -2.84183939626238 1.40682155697395 -1.82756818221633 FALSE ""
400 49 23 1.15758067957124 -2.56408510420616 1.26937636859467 -1.76986569385278 FALSE ""
800 15 24 13.3093345249617 -1.69674702515145 13.7813887683632 -0.409328020165996 FALSE ""
100 41 25 1.29819602004195 -3.51643814180759 1.17343560987751 -2.1176154286467 FALSE ""
600 27 26 1.14163841628472 -3.14363801076761 1.19819381651478 -2.26480915455205 FALSE ""
600 31 27 1.16444392984158 -3.03990492534599 1.14709943312855 -2.04872156150029 FALSE ""
1000 17 28 6.4201989146741 -1.49594088920378 6.89477749280411 -0.434656823610358 FALSE ""
500 12 29 1.18704034518966 -2.59527103178477 1.26369464493137 -1.88419613521444 FALSE ""
400 14 30 1.29340564067334 -2.86448728745991 1.51063264822352 -2.06057376360169 FALSE ""
700 11 31 1.33774437944575 -3.26249254839332 1.49838720958087 -2.32400113917367 FALSE ""
100 1 32 1.13504547166338 -2.63281685145051 1.21970403437897 -1.57180952013964 FALSE ""
500 1 33 1.25790351628668 -3.14345608520643 1.54660801560342 -2.41780894866381 FALSE ""
300 17 34 1.18479232310403 -2.64048122798273 1.14131029002176 -1.3869188475292 FALSE ""
900 15 35 1.14453963644578 -3.0590883608871 1.06781786378838 -1.72392052924762 FALSE ""
1000 36 36 12.901872498343 -1.39342777441966 13.4133431808733 -0.463749530867079 FALSE ""
50 27 37 NA NA NA NA FALSE ""
600 14 38 1.17480407922719 -3.09792172402719 1.2117027051472 -2.29125425197913 FALSE ""
900 35 39 1.22304602818173 -3.10187786246401 1.262632387217 -2.00958327494936 FALSE ""
50 12 40 NA NA NA NA FALSE ""
700 45 41 1.25850457405022 -2.73371569841838 1.38968953872044 -1.82253021431308 FALSE ""
900 12 42 1.18100590344247 -2.7086733131537 1.36055112964875 -2.07179717359158 FALSE ""
300 39 43 1.3308473899547 -3.3195992988422 1.03549973149962 -1.91177581497936 FALSE ""
700 32 44 1.18695845212031 -2.75111497698195 1.32832041316555 -1.78268510687229 FALSE ""
300 21 45 1.04402647348882 -3.75719629498448 1.31988558566726 -3.59651077554278 FALSE ""
100 6 46 NA NA NA NA FALSE ""
100 19 47 NA NA NA NA FALSE ""
400 42 48 1.21909466610383 -3.26087469579833 1.06284243882011 -2.01364403759877 FALSE ""
200 27 49 1.36714527483996 -2.72691039359889 1.34719485214894 -1.35999339527412 FALSE ""
100 17 50 0.767566920239375 -2.83351899467362 0.967660102151815 -2.62707948302904 FALSE ""
500 26 51 1.3114185344098 -2.96908088516777 1.43282896875975 -2.05709210883643 FALSE ""
500 17 52 3.30592257898384 -1.61259555614551 3.78271970247603 -0.650328729388549 FALSE ""
1000 29 53 1.29507306903792 -2.82213548532059 1.3072973025193 -1.80540728286214 FALSE ""
900 28 54 1.37985388192983 -2.80761883728231 1.4924306290913 -1.80121778777624 FALSE ""
1000 6 55 1.16547752828088 -3.12462284074271 0.991812324504455 -1.77032924414846 FALSE ""
800 36 56 1.22182517566552 -2.69104494453606 1.34463034126034 -1.82221744732095 FALSE ""
200 16 57 1.28039690128583 -3.45074861909371 1.45972332330172 -2.58389388204254 FALSE ""
900 22 58 1.08337447527613 -3.11443189803802 1.12966511326888 -2.2271506632302 FALSE ""
1000 16 59 1.31465895125736 -2.8043123375826 1.50093008156952 -2.10212362937526 FALSE ""
600 9 60 1.1488259595565 -2.87396964994315 1.32887347375712 -2.24289309416767 FALSE ""
1000 20 61 NA NA NA NA FALSE ""
500 22 62 1.05275817810065 -3.15841294067353 1.03340278828478 -2.33009558672234 FALSE ""
1000 18 63 1.20699667583996 -2.63813451641829 1.34185204975333 -1.72953854085642 FALSE ""
600 3 64 1.10117562896665 -2.91108204377017 1.28809411432703 -2.20109566339778 FALSE ""
200 37 65 1.06454075449183 -3.23225986215451 1.04816793779512 -2.29551199173307 FALSE ""
300 48 66 1.23292965478188 -3.19383729719035 1.21869605398327 -1.87079671622925 FALSE ""
800 21 67 1.19529604325649 -3.05552170995495 1.27022027748874 -1.93832352771396 FALSE ""
200 45 68 1.11880251072571 -2.79482180465249 0.921171504406916 -1.88877418661317 FALSE ""
200 42 69 10.5433045297832 -1.71768120739126 11.0441305394605 -0.489989036002411 FALSE ""
500 19 70 1.08146866111762 -3.47181604130988 1.36586355455101 -2.59208732976484 FALSE ""
900 19 71 1.18145579129534 -3.06363734809077 1.18398653467698 -1.99595005053188 FALSE ""
800 49 72 1.25291090075124 -3.19352780130571 1.44385893065802 -2.29483729918371 FALSE ""
1000 28 73 1.06918634179452 -2.73274409194994 1.15804055001323 -1.78640208781805 FALSE ""
500 46 74 1.00534214488409 -2.83333178197645 0.837697416091437 -1.49126545702721 FALSE ""
800 28 75 12.9204378133463 -1.45480329280349 13.4020917087179 -0.422457632054848 FALSE ""
300 22 76 1.23930700354764 -3.46849684056508 0.8795491131719 -1.51070752651934 FALSE ""
1000 1 77 1.21306865357709 -3.1826872723374 1.38747512230716 -2.42314493942612 FALSE ""
500 15 78 4.33537006509646 -1.38639676130831 4.86865987502805 -0.582066984668602 FALSE ""
900 3 79 1.19523193511388 -3.08127457318285 1.15712077575513 -1.83087475755943 FALSE ""
700 13 80 NA NA NA NA FALSE ""
500 49 81 NA NA NA NA FALSE ""
700 17 82 1.23962643348832 -3.29713522286305 1.12179560442741 -2.01074453467252 FALSE ""
800 44 83 1.13108695439748 -2.93627300000693 1.07625447216901 -1.85661706190701 FALSE ""
1000 5 84 1.20174148843502 -2.75476732161271 1.22760003113213 -1.72934348901072 FALSE ""
200 7 85 12.4234733916017 -1.65039534576747 12.842475037 -0.356073758286267 FALSE ""
400 11 86 NA NA NA NA FALSE ""
600 13 87 1.12501063392703 -2.87695546973345 1.04676275567885 -1.62154105598907 FALSE ""
1000 32 88 1.18822548142914 -3.01996489074194 1.17970565683416 -2.02352950636409 FALSE ""
50 19 89 1.29591398736744 -3.39772076698037 0.779531747449912 -1.81540537953267 FALSE ""
800 14 90 1.28009860306867 -2.98308893895122 1.46125255650773 -2.23146930240046 FALSE ""
600 5 91 1.25243386327588 -2.57988939024104 1.33231886894746 -1.63165301019083 FALSE ""
900 29 92 1.08740239721343 -2.71641677834311 1.20208899515557 -2.02894759182675 FALSE ""
500 39 93 1.16311556077629 -2.70214461370129 1.42898567205474 -2.14109241423 FALSE ""
300 23 94 NA NA NA NA FALSE ""
600 40 95 1.1686245284894 -2.81950413787923 1.04092971054642 -1.67374045625643 FALSE ""
900 13 96 1.2594660581541 -2.90169420950596 1.43165383256907 -2.00044464347424 FALSE ""
600 47 97 1.12221811844118 -3.21861706140793 1.4700359915004 -2.65181114047803 FALSE ""
700 20 98 0.94774314560754 -2.91703089514524 0.955238627748828 -2.160558999447 FALSE ""
400 17 99 NA NA NA NA FALSE ""
400 8 100 1.17207409692344 -3.01211360486768 0.853172252715333 -1.41445596776895 FALSE ""
800 37 101 1.16900068397711 -2.93085906613358 1.35751213963045 -2.19994504926568 FALSE ""
700 36 102 1.28549288932361 -3.20438662242417 1.15942611184096 -1.93522626848051 FALSE ""
900 30 103 1.23048586132919 -3.05365282165066 1.50835587953326 -2.64047866115967 FALSE ""
300 44 104 NA NA NA NA FALSE ""
300 18 105 0.988580943640343 -2.85199997833658 1.13021083773576 -2.21643075679042 FALSE ""
800 18 106 1.15377838449887 -3.2694247510743 1.04240360829206 -1.96260119873002 FALSE ""
1000 34 107 1.18614622813019 -2.89223611178093 1.23210842388177 -2.02129457450407 FALSE ""
200 14 108 1.28885618299933 -2.73895684037609 1.40092250594526 -1.84527357869075 FALSE ""
300 24 109 1.2989501560265 -3.10326399046774 1.70886318763739 -2.67655476915239 FALSE ""
600 44 110 1.01885035652991 -3.15189087586013 1.00147085902041 -2.22673959288964 FALSE ""
300 9 111 NA NA NA NA FALSE ""
900 33 112 1.07173975021295 -2.83235331721916 1.15683997492142 -2.10366739434012 FALSE ""
50 49 113 0.72152097685118 -2.71382055003863 0.685749465068464 -2.10562704483915 FALSE ""
500 4 114 1.1331838314438 -3.04269451222213 1.28175565639339 -2.60958008967903 FALSE ""
600 7 115 1.1622784100622 -2.89054552374189 1.28269709078003 -2.19811330907744 FALSE ""
500 48 116 1.24496232400393 -3.34239618620741 1.27896102946906 -2.08826632589245 FALSE ""
800 12 117 1.17572414973732 -3.20564180990937 1.14832853747776 -2.1619126149609 FALSE ""
300 19 118 0.998159022394388 -2.95814675935453 0.881736000878101 -1.9321213872507 FALSE ""
400 28 119 1.06842621182073 -2.75862308109204 1.04870247253559 -1.67305387061856 FALSE ""
1000 25 120 1.34934901014937 -2.68438996633575 1.54752799472315 -1.95032595882133 FALSE ""
300 14 121 1.32538022539907 -3.60710620205861 0.996559665487399 -1.75643160752134 FALSE ""
1000 7 122 1.30632665038828 -2.92396523946713 1.43354454856545 -1.9307655519988 FALSE ""
400 20 123 1.0757715082432 -2.96331569198653 1.21799239678118 -2.26862749640367 FALSE ""
200 12 124 1.35771567740205 -2.79244679766288 1.36795805117062 -1.83880113018998 FALSE ""
400 19 125 9.16542990944976 -1.47783021966188 9.58445599079589 -0.376469099932047 FALSE ""
900 27 126 1.27679351997899 -2.94975524091639 1.54553135501616 -2.30602310886568 FALSE ""
600 32 127 1.11532213172699 -3.0034946364576 1.37097379376863 -2.44387662702499 FALSE ""
100 23 128 1.19752595861414 -3.5281599153697 0.646562999793907 -1.61125721234014 FALSE ""
900 9 129 1.1966769289588 -2.8434536115767 1.13022313839845 -1.68395013768125 FALSE ""
400 25 130 NA NA NA NA FALSE ""
800 40 131 1.23371617385707 -2.71285215984913 1.60762935495837 -2.1648784195767 FALSE ""
700 50 132 1.11576951820265 -3.00670331735601 1.18614354415556 -2.21112973222109 FALSE ""
700 31 133 1.31751049795173 -3.03580064505205 1.24074083008919 -1.70922532326316 FALSE ""
700 48 134 1.11612279663557 -3.1935649940804 0.986605971046255 -2.03862132201204 FALSE ""
1000 13 135 1.14903065365828 -3.37692505726793 1.06719339678221 -2.3490813971856 FALSE ""
50 18 136 1.27296372706542 -2.8380638193693 1.42037779506385 -1.47937572492174 FALSE ""
300 40 137 NA NA NA NA FALSE ""
400 23 138 1.13041177316237 -3.50144244909076 1.15873181955698 -2.58339863527195 FALSE ""
400 35 139 1.23001140727031 -3.49631819944015 1.13575066760441 -2.15673867721425 FALSE ""
500 7 140 12.419859110421 -1.27287234067803 13.0473583656633 -0.573245838756224 FALSE ""
100 48 141 11.7468325015222 -1.79753181234829 12.2835483804869 -0.542304013056671 FALSE ""
200 24 142 NA NA NA NA FALSE ""
100 16 143 0.947743477510272 -2.07012508587135 1.97207326211187 -3.13479293775307 FALSE ""
200 23 144 NA NA NA NA FALSE ""
50 37 145 NA NA NA NA FALSE ""
100 10 146 6.59182327435675 -1.63367696129324 7.04063892771999 -0.404571830659084 FALSE ""
50 28 147 1.332930974095 -3.43040664934339 0.384760059349026 -1.38706265347012 FALSE ""
900 48 148 1.24160654413371 -2.9505768092012 1.38597993681551 -2.06848332556379 FALSE ""
600 19 149 NA NA NA NA FALSE ""
400 18 150 1.33801355693381 -3.3788666488672 1.23386316543146 -2.16101673712097 FALSE ""
400 15 151 1.0126014947134 -3.1339550551936 0.933724878090191 -2.10793716091953 FALSE ""
700 14 152 1.26189237931828 -2.91669758355981 1.33301434664969 -1.97382499631477 FALSE ""
800 1 153 1.2709077147491 -2.82121375025093 1.14343816882609 -1.44613713181849 FALSE ""
200 8 154 1.39710684907537 -2.62728738429286 1.49003016562596 -1.33835406299789 FALSE ""
700 44 155 NA NA NA NA FALSE ""
50 36 156 0.13997976582251 -5.86786813554241 0.26566070206565 -4.02303685397108 FALSE ""
50 46 157 1.59072764593689 -2.9246106045274 1.83532919380159 -2.0167552061024 FALSE ""
700 23 158 1.35146151085275 -2.81604446470205 1.63520790547174 -2.01649135103299 FALSE ""
400 44 159 1.31313012685672 -2.83794508962081 1.15938101941567 -1.21959449959847 FALSE ""
300 2 160 1.24733701735342 -3.06802363222781 1.31568739396364 -1.86221164611435 FALSE ""
50 9 161 0.638002751605586 -3.00737919075984 -0.646480749527521 0.389604819992946 FALSE ""
50 48 162 NA NA NA NA FALSE ""
100 12 163 1.30935525945855 -3.86956602606153 1.42343537713251 -2.82499788118243 FALSE ""
600 23 164 1.28184332217052 -3.04542297076243 1.42727819838763 -2.2426633261568 FALSE ""
700 43 165 1.22946120818632 -3.20474425323829 1.35168968973383 -2.4330854527019 FALSE ""
200 31 166 1.28012140995031 -2.72336626212219 1.35084692849528 -1.52014412210716 FALSE ""
300 13 167 0.956959052245596 -3.02508920660711 0.982394645368887 -2.2975808641016 FALSE ""
800 20 168 1.18832480684044 -2.95814627240931 1.27188230750789 -1.94152928045368 FALSE ""
200 41 169 1.08405958022681 -2.50177931695857 1.53212293824547 -2.42560033109139 FALSE ""
300 6 170 NA NA NA NA FALSE ""
600 4 171 1.26619538799128 -3.3365571578298 1.19191711317337 -2.26510400335781 FALSE ""
50 32 172 NA NA NA NA FALSE ""
50 8 173 1.43730223102724 -2.42983059801809 2.12298352569656 -2.58454714327523 FALSE ""
100 45 174 12.1507441449788 -1.36263419999833 13.1331308107701 -0.99645231358774 FALSE ""
900 49 175 1.14846372014944 -2.99042663958779 1.22407203326616 -2.17310124318544 FALSE ""
800 5 176 1.26923842572999 -2.84327524619971 1.38123411482158 -1.94154368548485 FALSE ""
200 22 177 1.01791616889725 -3.60549612617146 0.961134039715185 -2.71954514225883 FALSE ""
600 15 178 1.14758618710098 -3.73721329319503 1.12598845704096 -2.58021778246058 FALSE ""
800 8 179 1.23204250782947 -3.10552806451336 1.20830945732265 -2.00338099538742 FALSE ""
200 35 180 12.0796430776105 -1.35849856381239 12.5912819702505 -0.392224961817566 FALSE ""
400 43 181 NA NA NA NA FALSE ""
50 47 182 1.06973863505343 -2.26246786147196 2.28255587682428 -2.93238260017948 FALSE ""
100 15 183 12.9577210879758 -1.37742220639902 13.6417083393992 -0.608144131565173 FALSE ""
500 27 184 1.05106614460769 -3.72965168795656 1.00166658654712 -2.64890329002414 FALSE ""
1000 42 185 1.25284882516606 -2.97564361257921 1.21904836412185 -1.81523746090031 FALSE ""
900 34 186 1.31269248851701 -2.47221277924883 1.51657538832725 -1.59631479067548 FALSE ""
200 40 187 9.79965765468015 -1.70455831899967 10.2758022142655 -0.410556894385011 FALSE ""
300 43 188 1.09245085082331 -3.36083181508902 0.566612932596113 -1.39349606662757 FALSE ""
900 40 189 1.08630241595562 -2.90039337999914 1.27552020782236 -2.3287172863572 FALSE ""
200 44 190 1.15892934546558 -3.96189575685682 0.80527526266281 -2.30701552980568 FALSE ""
300 47 191 NA NA NA NA FALSE ""
700 25 192 1.0986363196302 -3.1851435879707 1.21726710756852 -2.45235451475998 FALSE ""
400 46 193 1.22291371511367 -2.94879353526983 1.41900669426552 -2.20877408534583 FALSE ""
900 46 194 1.14281689473543 -3.20294461052044 1.31489250444934 -2.36501235275235 FALSE ""
400 6 195 1.24039075789116 -2.25790930420933 1.38774094817165 -1.16725399328604 FALSE ""
400 36 196 1.14023178090032 -2.90536252288119 0.858498433302606 -1.47165275821438 FALSE ""
500 40 197 1.26584030580392 -3.14150014314579 1.29217112206225 -2.05917191451498 FALSE ""
900 26 198 1.28043617037112 -3.07854276990193 1.29912548975176 -2.00647264293052 FALSE ""
700 26 199 1.10744099481227 -2.72224124886395 1.03754409469581 -1.61919018925265 FALSE ""
800 26 200 1.01669625250061 -3.00123676049857 1.25825083977905 -2.46842285761099 FALSE ""
700 24 201 1.23880581063428 -3.08052049661605 1.14046056505859 -1.63573084385424 FALSE ""
50 16 202 1.03602774236313 -2.08736483505956 1.04766970911159 -1.55504814596205 FALSE ""
800 25 203 1.1783960739662 -2.86017622896427 1.15864187287157 -1.8451222855569 FALSE ""
800 16 204 1.17981567804087 -3.00638046244289 1.25038185271104 -2.06653866051336 FALSE ""
500 24 205 1.16149749311559 -3.17324479664629 1.09346402297064 -1.85409614617587 FALSE ""
50 1 206 1.05322322944316 -3.61068867944994 1.21348166005783 -2.82799056704088 FALSE ""
600 46 207 1.34745748750912 -3.03090939346209 1.49303003266998 -2.26687150828238 FALSE ""
1000 33 208 10.4257696124255 -1.51719832936857 10.8831765117157 -0.374828477900701 FALSE ""
400 7 209 1.23495155245475 -3.28642513671472 1.27728280058455 -2.21938412230712 FALSE ""
50 34 210 0.480983451884552 -2.13290627284352 0.385884262081203 -1.64644589433339 FALSE ""
300 45 211 1.16336354035067 -3.41859032366934 1.29234039024765 -2.90994505872867 FALSE ""
900 8 212 1.29061301554512 -2.84311315277999 1.56335967025333 -2.10758111734858 FALSE ""
500 45 213 1.12647601721548 -3.62237444980264 1.06312053051265 -2.27755957946011 FALSE ""
400 33 214 1.1015934654482 -3.21069214586768 0.940060228088387 -2.01830338527801 FALSE ""
400 37 215 1.23503126811551 -3.33386525435864 1.23213319127164 -2.28391904946446 FALSE ""
200 21 216 7.98060338035912 -1.52493091193035 8.3878402290366 -0.388529313658386 FALSE ""
100 5 217 NA NA NA NA FALSE ""
400 30 218 1.0636066910388 -2.25210066466682 1.33153835902488 -1.86817845382164 FALSE ""
700 16 219 1.21056273118201 -2.98970890372925 1.31677290944796 -1.93778991189183 FALSE ""
100 35 220 2.46787158330061 -1.68632427092324 2.77447344932407 -0.715809616337153 FALSE ""
50 20 221 0.74796967869414 -2.64129862910175 1.3986017819787 -3.20302733431445 FALSE ""
700 28 222 1.07578436185414 -3.14291352207472 0.993351922671783 -1.98230149367879 FALSE ""
50 3 223 NA NA NA NA FALSE ""
1000 9 224 1.09676360859974 -2.83755673833535 1.51384045987056 -2.6055661381595 FALSE ""
50 15 225 1.09011294060245 -2.27268421517711 0.762340473070291 -1.39422751549924 FALSE ""
200 33 226 NA NA NA NA FALSE ""
100 49 227 1.2312410728164 -3.29700540976156 1.28821253077518 -1.89972287998596 FALSE ""
300 36 228 NA NA NA NA FALSE ""
1000 41 229 1.21353355304863 -3.24504375125061 1.09523138861694 -2.13629291461127 FALSE ""
700 10 230 1.35295244761422 -3.27330652810133 1.87846729904708 -2.78723741685639 FALSE ""
50 30 231 1.3172895023515 -2.64241612317288 1.2595376800731 -1.22374255293456 FALSE ""
500 25 232 1.15902880769455 -2.99604595415834 1.09429117455416 -1.77303906383604 FALSE ""
50 50 233 NA NA NA NA FALSE ""
100 36 234 NA NA NA NA FALSE ""
50 25 235 0.248701387229335 -2.81096651133966 -0.294868348791304 -1.1088053184422 FALSE ""
900 39 236 1.20358890795748 -3.3384168231606 1.22528743413832 -2.31796558163588 FALSE ""
700 2 237 1.12742097652187 -2.86817217120566 1.43658628600983 -2.51762653832359 FALSE ""
800 42 238 1.16983463641075 -2.86339494183002 1.24331512498502 -2.06669784517213 FALSE ""
200 4 239 NA NA NA NA FALSE ""
300 29 240 1.26978621603692 -3.10238876532435 1.162306395107 -1.80252589190599 FALSE ""
600 2 241 0.991074687047809 -2.76150686101905 1.24505613430677 -2.07749001542226 FALSE ""
400 32 242 1.40074966376487 -2.98586545245558 1.38536456956041 -1.68587553642656 FALSE ""
400 9 243 1.13023471166023 -2.79743776048702 0.849884428497404 -1.36900261692873 FALSE ""
300 42 244 1.37185505428104 -3.10130650996589 1.37435584085352 -1.70633887441397 FALSE ""
600 35 245 1.34543733531868 -2.63108469939089 1.55566088860703 -1.94472607171397 FALSE ""
400 38 246 1.17959768880381 -3.34602338986067 1.09643061050385 -2.20151334648571 FALSE ""
700 22 247 1.21885789045638 -3.19033641978045 1.12841746866304 -2.00886194148836 FALSE ""
100 37 248 1.08214389270857 -3.46417772239152 1.00473011132217 -1.91670562824302 FALSE ""
50 14 249 1.22635396117381 -4.82152708716937 1.19166595399812 -3.50178516367955 FALSE ""
300 5 250 1.30147648521041 -3.22333331012651 1.28981146134137 -1.81314341223867 FALSE ""
900 37 251 1.1752259580311 -2.81484060231122 1.20005921020714 -1.80315654339068 FALSE ""
700 7 252 1.24851900885011 -2.8621444041509 1.45994304898243 -1.97504708481141 FALSE ""
200 1 253 1.23999396564452 -3.16857358905036 1.74906254874325 -2.8840861078126 FALSE ""
800 50 254 1.22423481271378 -2.83019709029341 1.32988379153453 -1.95026648822576 FALSE ""
300 50 255 11.024645025668 -1.4549357217305 11.6088404928075 -0.560614536925297 FALSE ""
100 14 256 1.3533734892221 -2.54397954862695 1.14383958727412 -0.870028010594398 FALSE ""
50 31 257 0.683252751703827 -3.80769900330583 1.41427686352419 -3.78226390409303 FALSE ""
50 29 258 1.01306211628092 -3.52595965580297 1.63072879745049 -4.29020054403933 FALSE ""
200 29 259 1.20607216398123 -3.37477677482988 0.661307119943326 -1.70823819226978 FALSE ""
1000 24 260 1.18674389117627 -3.03136073213974 1.24475727807585 -1.92749607951742 FALSE ""
800 13 261 1.18273110409074 -2.9029825948889 1.53097447349809 -2.40522737460704 FALSE ""
800 32 262 1.21112806133003 -3.27948657985359 1.44242534229379 -2.54315611334191 FALSE ""
50 21 263 1.16828432754785 -2.78230501633053 1.35890250077215 -1.73351442846271 FALSE ""
700 8 264 1.2915169108658 -3.34494981324899 1.29727750258756 -2.15075158776729 FALSE ""
600 39 265 1.02345995314561 -2.94522093168505 0.848060612889544 -1.8135001482905 FALSE ""
600 21 266 1.14759397707403 -3.57613161377498 1.04378589864332 -2.30161846671671 FALSE ""
400 47 267 1.23114035596342 -3.47743878095496 1.02092674873101 -2.12661623387099 FALSE ""
100 7 268 0.951867371428902 -3.4050031005879 1.5315659944546 -3.05213050894823 FALSE ""
200 32 269 NA NA NA NA FALSE ""
600 16 270 1.2193722901453 -3.10051714763219 1.3359272814654 -2.00424684598952 FALSE ""
500 3 271 1.31267436692637 -2.65277565395993 1.37308566711813 -1.56581582913267 FALSE ""
500 23 272 11.1024541604059 -1.50275527347097 11.5513326657712 -0.357618713345028 FALSE ""
100 9 273 0.166526373560546 -2.71018685072029 -0.0346373907066431 -2.28913576348869 FALSE ""
200 38 274 3.63220425732764 -1.49569865248968 4.07957567148052 -0.585880538506171 FALSE ""
700 3 275 1.05588658818474 -2.81038273376322 1.21785777661999 -2.00537509246586 FALSE ""
400 4 276 1.1672553787414 -2.94034371280633 1.01840710896491 -1.7161864085265 FALSE ""
1000 15 277 32.7485661914931 1.86455508305656e-14 33.4982695308303 0 FALSE ""
500 42 278 4.36006946223968 -1.46612007336302 4.92055326833968 -0.632046609242558 FALSE ""
300 28 279 1.22895013998316 -3.14296980887046 1.78787076249614 -3.10618261984526 FALSE ""
1000 35 280 1.23201121416884 -3.02695260500014 1.31928817939237 -2.25641995650501 FALSE ""
50 23 281 1.01951172950835 -6.1347443148969 0.108253168256517 -2.21984822525299 FALSE ""
500 10 282 1.12104042495052 -3.14064996610859 1.06123424126449 -2.19400797433144 FALSE ""
600 50 283 1.1497932176874 -2.69217965116753 1.27694235622477 -1.90947540202856 FALSE ""
900 10 284 1.22924579134549 -2.88858101229219 1.24724557550331 -1.75642301405311 FALSE ""
300 1 285 NA NA NA NA FALSE ""
200 36 286 0.936662707968442 -3.79066139941743 0.275613959432662 -2.29823001936642 FALSE ""
700 15 287 1.04201812795037 -2.77877939356593 1.27285900946214 -1.96134216945806 FALSE ""
800 31 288 1.09483301541713 -2.76207092149189 1.47380299148182 -2.59460163658441 FALSE ""
200 11 289 1.38242408106115 -2.61259094396136 1.59298417934026 -2.17695641105714 FALSE ""
900 38 290 1.15997057696704 -2.97632690468867 1.03844213009899 -1.63760341917933 FALSE ""
300 34 291 1.19676763181544 -3.66685968690549 1.08412117628845 -2.12073330931371 FALSE ""
1000 11 292 1.30206292869368 -2.84577264530781 1.31840067993874 -1.5919066995057 FALSE ""
500 28 293 NA NA NA NA FALSE ""
1000 14 294 1.23833073187998 -2.76248795790037 1.17633841765164 -1.37870334177048 FALSE ""
400 2 295 13.0379031576171 -1.4803546229929 13.5713514044011 -0.509516898422428 FALSE ""
400 26 296 1.26615437970064 -2.85051076309216 1.51876875848379 -2.00759181311274 FALSE ""
400 31 297 1.11643925103351 -3.0980510522764 1.06177986943932 -1.79387525009443 FALSE ""
50 24 298 0.621558462561695 -3.80589435165383 -0.113143751405184 -1.00723623648754 FALSE ""
300 32 299 NA NA NA NA FALSE ""
600 26 300 1.28806217845973 -3.37371573084331 1.34178437982934 -2.36584312732928 FALSE ""
50 22 301 1.13189993568832 -3.97513056696075 0.940779238335994 -3.3531724139232 FALSE ""
200 5 302 1.10401573695939 -3.44363850788367 0.88195269946859 -2.47102434066218 FALSE ""
900 42 303 1.2729559788194 -2.95122466061547 1.25108507055658 -1.83613934337688 FALSE ""
100 2 304 1.08730962964105 -2.66519659331031 1.04501653185962 -1.65583850865887 FALSE ""
700 6 305 1.11504565281925 -3.0556030501166 1.37174236279701 -2.46304634318049 FALSE ""
200 10 306 1.06876759997102 -3.28131316568228 1.04476764825922 -2.77456153031576 FALSE ""
500 38 307 1.03071892729895 -3.1158468902103 1.24201091842261 -2.78350521838874 FALSE ""
800 17 308 1.21693646305761 -3.10362298860319 1.31921593162028 -2.22676556655284 FALSE ""
500 2 309 1.05496721893917 -3.0203732215548 1.17244613576953 -2.17855545446989 FALSE ""
800 34 310 1.29833335911336 -3.21117781406578 1.19905561995201 -1.93130942910612 FALSE ""
800 9 311 1.16793635232118 -3.65520452447212 1.12543690540858 -2.35485340814462 FALSE ""
200 13 312 1.24903351038376 -3.11730694661092 1.09217347719031 -1.60590611947887 FALSE ""
300 30 313 1.09859710774393 -2.93625072394526 1.29472767684956 -2.40544446878957 FALSE ""
900 7 314 1.18994628495157 -3.23539378034511 1.07164537932718 -1.93099304841272 FALSE ""
600 11 315 1.18341512468614 -2.72148338440444 1.33304158670805 -1.86757309109826 FALSE ""
500 29 316 NA NA NA NA FALSE ""
50 33 317 4.46798707117329 -1.2758058730341 4.98347859558112 -0.467898135305961 FALSE ""
900 36 318 1.30301580736712 -3.01690848978355 1.27747411840058 -2.04222488141718 FALSE ""
900 20 319 1.20743191393699 -2.61784020571403 1.27726815103718 -1.70688219623695 FALSE ""
50 26 320 1.05708749841459 -3.73095474319595 0.7280980260421 -2.7781276537297 FALSE ""
900 5 321 1.10953290831395 -3.28959379469623 0.987094220248659 -1.84777010920714 FALSE ""
600 18 322 1.16478109929403 -2.95529094556053 1.04198615107228 -1.87196469714848 FALSE ""
900 44 323 1.22360228052484 -2.78161617627654 1.26918181128964 -1.88546795253615 FALSE ""
200 2 324 1.2087710364502 -2.807145757151 1.31216505782165 -1.78349336620439 FALSE ""
1000 8 325 1.17033927731032 -3.04219233512935 1.15486279630247 -1.93191217443041 FALSE ""
500 33 326 1.18514068076208 -2.79288213485696 1.47987778246766 -2.15803317808782 FALSE ""
600 8 327 1.34775205508867 -2.93433050870465 1.36967024456624 -1.76914155692367 FALSE ""
900 25 328 1.14872226350746 -2.80803428462254 1.24635511705406 -2.14621480857138 FALSE ""
1000 3 329 1.18603947572545 -3.15621653665051 1.13168819661261 -2.09527725929654 FALSE ""
800 45 330 7.61546734375928 -1.54854348083773 8.0502226685523 -0.38283322286559 FALSE ""
100 26 331 NA NA NA NA FALSE ""
400 12 332 1.15244797751128 -3.27694706122362 1.47590388340707 -2.87127841540131 FALSE ""
900 32 333 1.10502079564664 -2.70276385952188 1.19747149054331 -1.96035399111871 FALSE ""
1000 2 334 1.26278499277462 -3.20675024486037 1.16935149074293 -1.88959688916189 FALSE ""
400 27 335 1.17087642281398 -2.96339589305741 1.37350386227434 -2.14339838106449 FALSE ""
700 9 336 1.21618527336485 -2.75504832064711 1.33136024575098 -1.85609006569275 FALSE ""
600 22 337 1.06247820427812 -2.99312643698069 1.23811191067676 -2.55957469688691 FALSE ""
100 47 338 0.98316904441412 -2.44172036097326 1.37963841494787 -2.86554867244964 FALSE ""
1000 26 339 1.25553067632434 -3.164785066916 1.44477136700922 -2.32308633187784 FALSE ""
300 35 340 NA NA NA NA FALSE ""
100 44 341 NA NA NA NA FALSE ""
700 41 342 0.980220239217844 -3.11010755649616 1.19059013124028 -2.49575558980909 FALSE ""
500 5 343 1.19260941021484 -2.95836457379089 1.15682622031266 -1.79958069277861 FALSE ""
100 34 344 0.906406202028821 -4.13939870618917 1.32176562449808 -3.25032675130676 FALSE ""
700 40 345 1.20087067919806 -3.02102096420297 1.31687883648804 -1.99092274729049 FALSE ""
100 46 346 0.989677827504718 -3.52829464689057 0.514858333874639 -1.92297678333395 FALSE ""
200 19 347 11.6629328198235 -1.47283219826916 12.1955254176159 -0.462052766127572 FALSE ""
800 23 348 1.20949798538611 -3.2055486728216 1.11986985063298 -1.98606383614393 FALSE ""
1000 50 349 1.24878841641994 -2.74838895318742 1.3969729119882 -2.04977393396892 FALSE ""
700 42 350 1.15846831207123 -3.11210254374502 1.14535901942551 -1.99804009006538 FALSE ""
300 16 351 3.44489460092881 -1.45428754220514 3.95047101263753 -0.616580514726869 FALSE ""
600 42 352 1.21160703822 -2.96341073195235 1.2850837567905 -1.87438013637411 FALSE ""
100 4 353 1.22313391173292 -5.48997807488634 0.571908422450294 -3.17703914278253 FALSE ""
700 5 354 NA NA NA NA FALSE ""
1000 31 355 1.21738419314683 -2.88688745382391 1.36179733373643 -1.93520133479413 FALSE ""
500 37 356 1.23635098873307 -3.03035450089526 1.47970795057072 -2.4056332836481 FALSE ""
300 26 357 1.44049737780872 -3.19212117259557 1.10532809682559 -1.37869474703939 FALSE ""
900 50 358 1.24217945828677 -3.08197481079545 1.21534601901833 -1.92047260547286 FALSE ""
900 18 359 1.15837590574752 -3.11987200366427 1.1279079425025 -2.0977362723065 FALSE ""
600 30 360 1.37790443007817 -2.90626494357979 1.43685523930232 -1.85924963402667 FALSE ""
500 14 361 1.10335625102233 -2.9224900401166 1.06672425539657 -1.79698698000133 FALSE ""
800 2 362 1.19862810908447 -3.19034038556143 1.18228275249794 -2.2231493547939 FALSE ""
200 39 363 1.09324848091455 -2.94515587850939 1.0155701824305 -1.48000332135444 FALSE ""
400 16 364 1.26078568141834 -3.29334410194405 1.05461489781626 -2.1312186673499 FALSE ""
500 20 365 1.19590642498422 -2.39249314707806 1.5254636122661 -1.76821756839809 FALSE ""
100 38 366 1.26032584067043 -3.0308733146105 1.56247583987562 -2.26180497050883 FALSE ""
400 50 367 1.25542162848563 -2.73543445446039 1.20621048349115 -1.66076734198423 FALSE ""
400 3 368 1.17598382732002 -3.32950060449297 1.24856269523513 -2.45252911203212 FALSE ""
200 30 369 NA NA NA NA FALSE ""
600 33 370 1.17210706995115 -2.63242976819154 1.5015764981657 -2.07379910018344 FALSE ""
100 11 371 3.93923125777809 -1.26887638664785 4.59831686229865 -0.74646615776411 FALSE ""
1000 48 372 1.07117104904662 -3.18621830669902 1.02564500957039 -2.13024627092325 FALSE ""
400 40 373 1.19572937277113 -3.85145516426413 0.996311963052543 -2.4969441224759 FALSE ""
600 28 374 1.19997244233522 -3.21770742601293 1.33415690906535 -2.5720464891363 FALSE ""
200 6 375 0.981347827649004 -3.20985805590572 0.522817518479146 -1.82013951554034 FALSE ""
100 25 376 1.07815657908698 -3.73014265425557 1.1289017458863 -2.74151216115367 FALSE ""
300 31 377 1.25898767174314 -3.30068554741999 1.2758997855861 -2.12220295270625 FALSE ""
600 41 378 1.1946308899739 -3.09105441747284 1.34392889655335 -2.23075280958411 FALSE ""
600 36 379 1.23918308731456 -3.09731387641075 1.40067913577271 -2.33065986254092 FALSE ""
800 3 380 1.14398286828147 -2.86368620513093 1.20673946110103 -1.74652841825402 FALSE ""
1000 19 381 1.12793695687949 -2.9494890461745 1.20731171294777 -2.20945903346873 FALSE ""
100 18 382 1.20997908103173 -3.83158494137281 1.10799123396569 -3.50405859399202 FALSE ""
800 6 383 3.73064788445489 -1.6250003357904 4.28395432188812 -0.706036560272818 FALSE ""
300 12 384 1.18423502265025 -2.87419105472596 1.18618525452965 -1.64425863523818 FALSE ""
300 3 385 1.05778019153606 -2.64201066465233 1.63444115197784 -2.63590036017509 FALSE ""
900 21 386 1.18918307011075 -2.92259959669208 1.21289998695061 -2.00838869419516 FALSE ""
300 37 387 1.14796784368435 -3.22746031806688 1.45775450180943 -2.68501618558249 FALSE ""
900 14 388 11.8758449170935 -1.47732697175711 12.3456017831563 -0.425547849894972 FALSE ""
200 46 389 1.35338368470423 -2.47656449455082 1.6206579577546 -1.77814334523157 FALSE ""
1000 23 390 1.05110472790131 -3.19900206159062 1.14237392483198 -2.4774100394335 FALSE ""
600 17 391 1.11415483407444 -2.92611381933621 1.23531555545518 -2.28723613783826 FALSE ""
600 48 392 12.3338714756798 -1.56374124360849 12.8704325476971 -0.509999768457469 FALSE ""
100 50 393 1.14346487955395 -3.04338139259166 1.41022649590045 -2.67177056335759 FALSE ""
1000 37 394 1.22650014637496 -2.44687372794298 1.42049645597638 -1.58872030858794 FALSE ""
200 17 395 1.1989100326257 -2.71795915148717 0.847293916396824 -0.981224727832228 FALSE ""
600 34 396 NA NA NA NA FALSE ""
600 25 397 1.14623380781943 -2.68176291053737 1.04142931398188 -1.32290791425941 FALSE ""
100 28 398 1.35982749985972 -3.597733854951 1.51812000211688 -3.33329251290661 FALSE ""
800 7 399 1.05951725283889 -3.12218864136112 1.05050688322357 -2.13701297023052 FALSE ""
800 39 400 1.20962144438975 -3.02855151028255 1.23153949674799 -2.02667529545621 FALSE ""
800 24 401 8.01553304458415 -1.53510700612264 8.5985855843196 -0.54667301332439 FALSE ""
900 43 402 1.1276048908808 -2.98318778869173 1.16946092204497 -2.15327206416287 FALSE ""
300 46 403 1.22788254056472 -2.95013348692351 1.36440689089313 -2.00358080954827 FALSE ""
400 13 404 1.12851714138377 -2.74400764253524 1.08242139286477 -1.63539080729756 FALSE ""
500 47 405 1.19682698192996 -3.33113253934384 1.12714519950371 -2.13273918303896 FALSE ""
500 41 406 1.25714975074836 -3.03975968537903 1.21198284519672 -1.9018321326228 FALSE ""
400 39 407 11.6567642197488 -1.50059347604418 12.1581479694892 -0.522959952325795 FALSE ""
100 31 408 0.966335527009215 -3.11990203556511 0.85956670925752 -2.52407427379842 FALSE ""
500 6 409 0.936335558224506 -3.18391071297475 0.977491376144887 -2.31977356835963 FALSE ""
500 18 410 1.37515965569196 -2.51471641100427 1.64780604727493 -1.81883307588287 FALSE ""
1000 39 411 1.19265669884531 -3.0138400119731 1.34782681468508 -2.36895164606818 FALSE ""
200 18 412 6.43868706387702 -1.60813874121687 6.82551918358852 -0.420948028533643 FALSE ""
50 39 413 2.63833043308956 -2.12872884048634 3.29478660190607 -1.25940842988122 FALSE ""
500 32 414 1.10148626536029 -3.46631818519505 1.16213705816401 -2.59949818546666 FALSE ""
500 8 415 1.20416214964258 -3.00844736758948 1.17114695747302 -1.90975348894587 FALSE ""
400 24 416 1.24596785243304 -3.20294361732421 1.42184001229271 -2.38200916307485 FALSE ""
300 15 417 NA NA NA NA FALSE ""
50 7 418 1.41490685835216 -3.36396569325023 0.84476728092273 -0.849544505927503 FALSE ""
300 49 419 1.37608530941979 -2.66316021445886 1.62021393575908 -1.82759205694716 FALSE ""
700 4 420 1.07091091795918 -2.83042087068355 1.14869713589931 -2.2658348237089 FALSE ""
800 10 421 1.08464631811169 -3.01251531794593 0.944756148806132 -2.01866854670086 FALSE ""
300 27 422 9.67340525259319 -1.33462574026174 10.4013406138454 -0.677808656701068 FALSE ""
1000 4 423 1.22373000735197 -2.91199319498185 1.25606200017123 -1.86463042106096 FALSE ""
300 4 424 6.80983656111871 -1.74625104506292 7.11828475856489 -0.215230215160354 FALSE ""
200 50 425 1.12972874576885 -3.29520849901092 1.49867246892933 -3.00515648659536 FALSE ""
700 21 426 1.1868403578926 -3.30923731774296 1.26127967554349 -2.24134041662707 FALSE ""
100 3 427 0.85142221985361 -3.5234233637507 0.983179667525726 -3.12586238118933 FALSE ""
50 44 428 NA NA NA NA FALSE ""
700 37 429 1.01695148333671 -2.94429276189858 1.13616674994092 -2.16245164147418 FALSE ""
600 45 430 1.23421465820173 -3.37145189320806 1.23076463804976 -2.24536334301525 FALSE ""
800 46 431 1.21910188627749 -3.14494717195825 1.08825699332806 -1.91616504307207 FALSE ""
900 16 432 1.11903059102017 -2.81614551885417 1.19315569131328 -1.96462155939291 FALSE ""
900 4 433 1.16816851868054 -3.34307627028207 1.02122513284634 -2.16370313034977 FALSE ""
500 36 434 1.13106333230133 -3.09854870533185 1.11409803252706 -1.99927424397606 FALSE ""
50 11 435 1.3023940498989 -2.97692800136586 1.55153452669413 -2.4411780427675 FALSE ""
600 37 436 NA NA NA NA FALSE ""
500 16 437 1.13444542184661 -3.39721377574967 0.938470828901451 -1.89455377753818 FALSE ""
800 47 438 8.59236405318574 -1.47283017655776 9.21404504175337 -0.563705658127821 FALSE ""
800 29 439 1.21160727185129 -2.97639366180925 1.22088719207982 -1.98060237915824 FALSE ""
800 27 440 1.22346398026309 -2.94844042037984 1.35849499988018 -1.92221585896051 FALSE ""
100 21 441 1.25364711670529 -3.1116411040348 1.19431379857327 -2.04493655131544 FALSE ""
1000 49 442 1.23310437834922 -2.85531266054351 1.28310511278601 -1.93918189151487 FALSE ""
50 41 443 5.05418903848107 -1.49093890193296 5.55810386429802 -0.480651726811253 FALSE ""
900 6 444 1.19416920077444 -3.06022351346314 1.33006440099053 -2.23909132142913 FALSE ""
500 9 445 1.22271959237592 -2.86573226155936 1.61452465430012 -2.54427205021391 FALSE ""
200 3 446 1.12281421272521 -2.10150883580266 1.53684165961237 -1.9199791547884 FALSE ""
700 47 447 1.22788417454742 -2.90028123985278 1.41695311091456 -2.08573026985324 FALSE ""
200 20 448 11.7524178133628 -1.30351701606795 12.3092298143686 -0.484331463593506 FALSE ""
400 29 449 1.12714003650783 -3.48714507432903 1.15572295173381 -2.51756356138645 FALSE ""
700 39 450 1.14913161339797 -2.9386583216478 1.10599057242923 -1.97409689169232 FALSE ""
600 6 451 1.33542080810828 -3.19270247278632 1.2484186258701 -2.06201646503406 FALSE ""
1000 38 452 1.27595777522562 -3.15143334128867 1.29958173779833 -2.11694947384561 FALSE ""
700 27 453 1.39491106090837 -3.02843831642486 1.37346687660674 -1.66737502474203 FALSE ""
600 49 454 1.16760750132757 -2.70197790573172 1.08433532888988 -1.64739944299999 FALSE ""
200 48 455 1.34082012531885 -2.98588289033103 1.31129101960933 -1.9410692075696 FALSE ""
50 5 456 0.985411048208939 -2.98477129513942 0.590513477989695 -1.47961396289956 FALSE ""
200 47 457 1.23727587065505 -2.00264477878345 1.45527305668533 -1.58382242831924 FALSE ""
400 22 458 1.28052012531032 -2.91915294802166 1.41472216158027 -1.96081837994281 FALSE ""
800 38 459 1.12372890103454 -3.12482088274339 1.24939337632246 -2.27394486973476 FALSE ""
900 23 460 1.302375971205 -2.72554239171613 1.43128277291128 -1.80805062058982 FALSE ""
1000 22 461 1.22897990432921 -3.10748901816136 1.23527723726668 -2.22443114057573 FALSE ""
50 6 462 1.60229271904674 -2.91015642828893 1.49920477092986 -1.53051524880375 FALSE ""
700 29 463 1.30028635261583 -2.93634859539689 1.40657975082166 -1.87117801752288 FALSE ""
100 39 464 1.23930467677963 -2.51548234282247 1.25229117758266 -1.63969826155194 FALSE ""
100 30 465 0.690618778688335 -3.48696002089015 0.709374734938697 -2.58587419596327 FALSE ""
800 19 466 1.17198453379648 -3.28069848232602 1.18097983061009 -2.14350675534841 FALSE ""
700 49 467 1.1728922955148 -3.13117378409445 1.25899262980518 -2.05178999556631 FALSE ""
300 33 468 1.15005321332842 -2.68753481422948 1.22032689235821 -1.73801204406397 FALSE ""
600 29 469 1.21621245551027 -3.08053415140882 1.36127192115146 -2.22823603866886 FALSE ""
50 40 470 1.39366258003036 -3.69788573410832 0.789580346404536 -1.20882988978537 FALSE ""
400 5 471 1.13102211014237 -2.30543768238921 1.51587371578562 -1.96721321613954 FALSE ""
700 35 472 1.20160983886782 -3.09716666207676 1.20632521760113 -2.08204340507474 FALSE ""
600 38 473 1.1522092194009 -3.162635385568 1.047845352106 -1.84847452670575 FALSE ""
100 29 474 1.02289371791264 -4.01583216182018 0.433314189005384 -2.50581755669038 FALSE ""
700 46 475 1.21961543175657 -2.92714301270651 1.2885361771116 -2.10929153263509 FALSE ""
900 2 476 1.24081922240127 -3.16606487441939 1.2564589438819 -1.85519890326147 FALSE ""
1000 46 477 1.17910597162395 -3.09306818963039 1.21974590727215 -2.24096965550748 FALSE ""
300 8 478 1.15356090378041 -3.16604668093023 1.28673561535369 -2.36203180685527 FALSE ""
1000 43 479 1.1267809362089 -3.17043764830274 0.983811744693252 -2.00917836847309 FALSE ""
600 43 480 NA NA NA NA FALSE ""
400 10 481 1.1686398034308 -3.25795977374692 1.41560243124011 -2.45902944882311 FALSE ""
100 40 482 1.09934105114871 -3.28674534150197 1.00197887627583 -1.84458965975157 FALSE ""
200 15 483 1.0917945706469 -2.84342499998377 1.50824327789452 -2.34762429380565 FALSE ""
600 10 484 1.19063620845316 -2.54430054687431 1.43612332005512 -1.95130908940662 FALSE ""
700 12 485 1.34726645527694 -2.95517503082676 1.10030880687502 -1.29284594103322 FALSE ""
200 26 486 0.902125693255797 -2.94318027161942 0.770429090477864 -2.17803027844411 FALSE ""
50 38 487 NA NA NA NA FALSE ""
300 10 488 NA NA NA NA FALSE ""
800 48 489 12.9012922224073 -1.45285217294212 13.4986873033773 -0.586389954334839 FALSE ""
300 25 490 1.13280531468457 -2.51797693159236 1.37823243406274 -1.99946098558888 FALSE ""
400 41 491 11.9387023229772 -1.61228511866573 12.4681228587684 -0.410771676892647 FALSE ""
1000 27 492 1.28289221493527 -2.8263455679941 1.27982891357315 -1.66818981690586 FALSE ""
500 30 493 1.17703508032054 -2.54340451368286 1.45667777052925 -2.02243566549162 FALSE ""
400 1 494 1.13674596436601 -2.82459112915798 1.36992438928361 -1.98022056752289 FALSE ""
500 43 495 1.21581022853773 -3.41540453655253 1.16241533239162 -1.97837963239256 FALSE ""
800 35 496 1.19149332609198 -3.0939860293901 1.22754215438475 -2.08022303966598 FALSE ""
800 4 497 9.67382135180199 -1.62958957567659 10.1149354009341 -0.37687515082265 FALSE ""
200 49 498 1.21125730535394 -2.78805192324554 1.50231779270696 -2.36134151743457 FALSE ""
50 43 499 1.10590075980622 -4.33066908732261 -0.162391300239225 -0.920327977902342 FALSE ""
600 24 500 1.23164485809662 -3.14579565981564 1.05002845583703 -1.62703077604436 FALSE ""
900 17 501 1.20353946750381 -3.05648617571614 1.3120498467215 -2.04055103109988 FALSE ""
50 13 502 0.791504968920651 -2.11562975614717 1.05964812101472 -1.9569465158027 FALSE ""
100 24 503 NA NA NA NA FALSE ""
100 13 504 1.14876840868071 -3.1120257937625 1.28977087853696 -2.46488219710004 FALSE ""
900 1 505 1.0394433377109 -2.76286597310311 1.11438425831718 -1.80538541050434 FALSE ""
900 24 506 1.14472894008628 -3.2091944620186 1.15513806824813 -2.17597238811518 FALSE ""
300 38 507 1.14823255563089 -3.42976984291925 0.841491739075677 -2.16071210112631 FALSE ""
800 43 508 1.15911255458367 -3.06770509705035 1.24319382143562 -2.15490014341846 FALSE ""
400 21 509 1.26857886313019 -3.27092746751506 1.52162570601563 -2.45569536247564 FALSE ""
1000 21 510 1.26393484215004 -3.12500052483641 1.33365507714456 -2.16473691811274 FALSE ""
700 34 511 1.25727274964272 -3.2612971145414 1.07486682401443 -1.65600752656177 FALSE ""
200 9 512 1.18733679054283 -4.18331937581954 1.39985970889169 -3.49403545055146 FALSE ""
500 34 513 1.24009471231332 -3.20787603366532 1.17802554517696 -2.15591529699741 FALSE ""
200 34 514 1.15491822522509 -3.00114987335445 1.83285481325171 -2.82123952210466 FALSE ""
800 41 515 1.22493809931515 -3.32606873164835 1.26578050121094 -2.3800074965285 FALSE ""
1000 30 516 1.10067071832241 -2.81342202293911 1.20206953721189 -2.08408588925182 FALSE ""
100 8 517 0.894663501524679 -2.59719270944566 0.913107674648559 -1.24069831097668 FALSE ""
500 35 518 1.18719168073728 -3.18493234315518 1.54650910797501 -2.64265143147226 FALSE ""
50 35 519 1.26064934406697 -3.27004972323846 0.129904554830255 0.0789060743717944 FALSE ""
50 45 520 1.28330670300776 -2.40828446394178 1.00323292589285 -0.665191365269762 FALSE ""
100 32 521 3.16997156168822 -1.42380624898421 3.78145250834368 -0.939234535717078 FALSE ""
800 33 522 1.17880913774268 -2.93079576073512 1.26926875031027 -2.13960958130252 FALSE ""
500 31 523 0.978155054324906 -3.34426682591059 0.795136923044707 -1.9937796991955 FALSE ""
50 10 524 NA NA NA NA FALSE ""
500 13 525 1.29647640733432 -2.73959359557192 1.50173429107153 -1.83051881198355 FALSE ""
100 20 526 1.15326432937531 -2.44798600406714 1.82791673780181 -2.5846468187293 FALSE ""
600 20 527 1.15778405516154 -2.63687505669879 1.26158021911095 -1.67348164288162 FALSE ""
50 42 528 NA NA NA NA FALSE ""
300 7 529 1.42427080784343 -2.96270049060055 1.67459261413844 -1.93670539297321 FALSE ""
200 25 530 2.52248157754216 -1.93805063403846 2.80549364793794 -0.700110724732301 FALSE ""
500 11 531 1.2091558849188 -2.50082561319717 1.33572762166669 -1.69804998471575 FALSE ""
700 33 532 1.1155656571025 -3.12330611765491 1.20904394783671 -2.26923900486055 FALSE ""
900 45 533 1.14758411265428 -3.39432053361489 1.00056084919092 -2.00964942138976 FALSE ""
200 43 534 1.26895303619966 -2.87952523096528 1.66650584107591 -2.42879716901592 FALSE ""
700 30 535 0.960227290616341 -2.82751708824807 1.21247716595461 -2.23877692636252 FALSE ""
700 19 536 1.26811773415047 -3.53766575986555 1.20287654242454 -2.25999716357581 FALSE ""
1000 10 537 1.25480761266556 -2.85083720330299 1.19919051323262 -1.72212051992492 FALSE ""
400 34 538 4.08171989719703 -1.5307348273525 4.61707837141189 -0.596370000835668 FALSE ""
300 41 539 1.091277624987 -2.9421500742963 1.19376218505878 -2.21149833752936 FALSE ""
300 20 540 3.87948207659277 -1.47941813371444 4.51433361916857 -0.779930445969065 FALSE ""
700 18 541 1.09527099815378 -2.91192677358365 0.954513874601678 -1.88144054188354 FALSE ""
1000 40 542 1.23494478813951 -2.73019694565369 1.38792453844662 -1.94821269287684 FALSE ""
800 11 543 1.15986422044278 -3.23886403330077 1.28443691521483 -2.30314465697767 FALSE ""
300 11 544 1.21728033729351 -2.86447278453283 1.21047620209481 -2.04782531841233 FALSE ""
100 33 545 1.75790409718888 -3.93358464565935 1.56904909816385 -1.98124450965395 FALSE ""
1000 47 546 1.17652566849649 -2.9415486946834 1.23311542417009 -1.93549305781112 FALSE ""
600 12 547 1.1523180790461 -2.79699365635626 1.06702411333039 -1.58918793255967 FALSE ""
1000 12 548 1.20671075415146 -2.87889881577966 1.11716129162348 -1.64895040384948 FALSE ""
500 21 549 1.10918913172624 -2.8116186980206 1.12604692561174 -1.85686904026517 FALSE ""
200 28 550 1.01051442474286 -2.97370758528737 0.860019716246946 -1.80738768411928 FALSE ""
