"n" "rep" "id" "b0_mu_hat" "b1_mu_hat" "g0_si_hat" "g1_si_hat" "error" "errorMessage"
50 732 1 1.14072632474336 -2.62455753886455 2.16634776353185 -3.49346884238603 FALSE ""
50 347 2 1.50597667342064 -2.7137230237215 1.18134485984306 -1.21025268964436 FALSE ""
50 24 3 1.36060135986167 -3.6247055511012 1.35983891619252 -2.67619624192008 FALSE ""
50 680 4 1.34883508299558 -2.55885196664219 1.36719995517027 -2.18912495126684 FALSE ""
50 148 5 0.653615850968524 -2.60533120422303 -0.00800941397848358 -1.52908419644819 FALSE ""
50 515 6 NA NA NA NA FALSE ""
50 274 7 0.758493865260823 -2.59887534138726 0.854203931509438 -2.03391732424118 FALSE ""
50 572 8 4.23376188002471 -1.4435583281995 5.36743534045352 -1.13083903794546 FALSE ""
50 691 9 1.1516170379541 -2.42819134242302 1.07680230585071 -1.41657300294096 FALSE ""
50 56 10 NA NA NA NA FALSE ""
50 741 11 0.067347089967202 -2.05603524022917 0.00528433931030556 -1.59852103422788 FALSE ""
50 819 12 12.5054031452154 -2.01068169655449 12.7728501484117 -0.295523909109745 FALSE ""
50 744 13 0.528684625909575 -1.55841429020505 1.22940556779562 -1.41296553565176 FALSE ""
50 698 14 1.24761907948868 -3.28109288176341 0.556939979596738 -0.589357448849503 FALSE ""
50 767 15 1.70301860664487 -2.96412784285043 1.99801134517854 -2.26988143592136 FALSE ""
50 490 16 0.9367328210348 -3.56274135221658 2.29733771217981 -4.07609104066036 FALSE ""
50 392 17 NA NA NA NA FALSE ""
50 118 18 1.33411677009319 -3.55239255783012 2.55217722835899 -4.44718617750135 FALSE ""
50 536 19 -0.274313917499601 -0.671190371462735 1.09339975410645 -2.91264865325339 FALSE ""
50 836 20 1.37337074170009 -3.21504743055824 1.6432945492816 -2.81540957321347 FALSE ""
50 794 21 3.00460145535573 -2.09716407400419 3.25468690424765 -0.39451335961446 FALSE ""
50 473 22 0.957302429921259 -3.4586650105643 0.440530677113864 -2.36829987843307 FALSE ""
50 40 23 NA NA NA NA FALSE ""
50 824 24 6.63725154657063 -1.5060064525098 7.28556847444591 -0.605961618697417 FALSE ""
50 510 25 4.81006188699264 -1.33621578670156 5.42977986438197 -0.770176413212408 FALSE ""
50 156 26 1.20267205928029 -4.60062283965364 0.856746413645796 -3.21287165028198 FALSE ""
50 362 27 0.897918956195512 -3.7038375603521 0.212624155132224 -1.85040052534466 FALSE ""
50 763 28 NA NA NA NA FALSE ""
50 176 29 0.517995803048053 -2.93995113062283 0.186200330962954 -1.07678870969868 FALSE ""
50 150 30 0.787843566210865 -3.27459503797707 0.682352149326432 -1.85837235568901 FALSE ""
50 758 31 2.03565161420043 -1.44540218005276 2.2813241012386 -0.660890909898864 FALSE ""
50 827 32 1.24654984317706 -3.18582357490097 2.28513774129644 -3.75047216108596 FALSE ""
50 841 33 NA NA NA NA FALSE ""
50 187 34 NA NA NA NA FALSE ""
50 427 35 1.41828286997841 -4.06445610526185 1.49526540996819 -3.20996274904941 FALSE ""
50 748 36 1.18464193448065 -1.56598244550459 2.19340402370224 -2.46705362645317 FALSE ""
50 99 37 1.28273658602266 -1.43276221483092 1.3032804999308 -0.750454481363418 FALSE ""
50 139 38 0.927108737743206 -3.87879650277302 1.43103464249584 -3.09699520878498 FALSE ""
50 844 39 0.936861518135383 -3.05625021008027 0.547115858286639 -0.80357544210652 FALSE ""
50 802 40 NA NA NA NA FALSE ""
50 493 41 0.826672205535453 -3.44938333229423 1.45816130313532 -1.95247225262127 FALSE ""
50 528 42 4.67159006580843 -1.60622549403177 4.88256443075004 -0.0956854628042187 FALSE ""
50 793 43 NA NA NA NA FALSE ""
50 285 44 NA NA NA NA FALSE ""
50 198 45 1.17584429734573 -2.92047915910391 1.49191526542538 -2.80305272933537 FALSE ""
50 464 46 8.69289730778804 -2.01161076115016 9.10934196227876 -0.77563270132178 FALSE ""
50 158 47 NA NA NA NA FALSE ""
50 540 48 NA NA NA NA FALSE ""
50 718 49 0.827783283848306 -2.56530959260245 0.335642549972492 -0.675457444890568 FALSE ""
50 381 50 0.668551181539417 -2.94550727501083 -0.0539421809826064 -1.22932844990869 FALSE ""
50 726 51 0.955385952177831 -4.21669060431584 -0.0337991333647728 -1.79410315700146 FALSE ""
50 494 52 1.48627706069749 -2.09339448331339 1.9544262992418 -1.91593644370329 FALSE ""
50 299 53 -0.284348929798172 -3.48271540593811 0.0343416733391353 -2.85654031344444 FALSE ""
50 864 54 0.917154678793013 -2.96993379620963 1.60085242318942 -3.67013243203601 FALSE ""
50 133 55 NA NA NA NA FALSE ""
50 373 56 1.10620165089207 -2.99922874979122 0.0437054347755456 -0.388992573136202 FALSE ""
50 55 57 NA NA NA NA FALSE ""
50 9 58 NA NA NA NA FALSE ""
50 72 59 1.31425500695429 -4.22153126462716 0.631167305787915 -2.63345380058864 FALSE ""
50 309 60 1.17733398555179 -2.7417683930498 1.28853101850378 -1.78614846074616 FALSE ""
50 243 61 10.8925816979637 -1.14188487324989 11.6264174151727 -0.622372219127937 FALSE ""
50 11 62 0.999627084927714 -2.27676187853093 1.20140537373772 -2.11196781350979 FALSE ""
50 443 63 0.233078736655538 -2.4952678210208 0.716034824312737 -2.26246160068081 FALSE ""
50 240 64 2.34886439415257 -1.11214525744731 3.04052975805976 -0.321893906556971 FALSE ""
50 123 65 NA NA NA NA FALSE ""
50 426 66 4.74238724738007 -1.19077279296516 5.30774843303399 -0.513627629473433 FALSE ""
50 676 67 0.697986342370609 -3.24510876173295 -0.198241198574527 -0.875863535791203 FALSE ""
50 221 68 1.07532668786157 -4.22541534435909 0.0632148944726577 -1.39157995975606 FALSE ""
50 130 69 1.27647740065308 -4.59155741158233 0.987444129003774 -2.95604096854527 FALSE ""
50 876 70 1.60363775395334 -3.6550395912955 2.08908016407999 -2.86117531479392 FALSE ""
50 565 71 NA NA NA NA FALSE ""
50 463 72 0.997495336969978 -3.02442999539687 1.74912219314276 -3.52501800383049 FALSE ""
50 500 73 NA NA NA NA FALSE ""
50 423 74 11.9429455559199 -0.770537983524952 13.3757241804787 -0.0808087590391103 FALSE ""
50 318 75 3.09718651435325 -2.29242122597903 3.40959919759041 -0.347728364702268 FALSE ""
50 633 76 0.640807397105483 -2.72884455904368 1.40499835530079 -3.48687992171576 FALSE ""
50 268 77 1.28251367008754 -3.17660436653853 1.41806833810595 -2.86199989407963 FALSE ""
50 247 78 1.34645626535543 -3.18775899695399 0.786974670247881 -1.27321737203385 FALSE ""
50 668 79 0.841239170164515 -2.41491599996689 1.31848552684013 -2.48356944170447 FALSE ""
50 306 80 2.77551479548768 -1.22377234535487 3.83510848295326 -1.24678406276318 FALSE ""
50 379 81 0.635483903056464 -4.05908795061141 -0.612091166187261 -1.44072299293789 FALSE ""
50 655 82 0.975633441783153 -3.48937614495915 0.741749292506166 -3.00494804240564 FALSE ""
50 360 83 NA NA NA NA FALSE ""
50 10 84 NA NA NA NA FALSE ""
50 790 85 1.05385630201542 -3.47370671365464 0.917410052758792 -2.47105514324687 FALSE ""
50 200 86 1.2465861223341 -3.31651949712997 0.49476473184612 -0.813612539899723 FALSE ""
50 754 87 NA NA NA NA FALSE ""
50 546 88 1.09920237232503 -2.82821897946826 0.84480384286475 -0.893060616185227 FALSE ""
50 84 89 NA NA NA NA FALSE ""
50 356 90 NA NA NA NA FALSE ""
50 861 91 NA NA NA NA FALSE ""
50 867 92 3.17694863956816 -1.57979253113797 4.22873894747356 -1.47099498925935 FALSE ""
50 342 93 NA NA NA NA FALSE ""
50 77 94 1.10674687796519 -2.15848662484561 1.32986443953277 -0.855158564907146 FALSE ""
50 338 95 1.08650805584281 -3.49652035611812 0.79908279204745 -2.47297095427398 FALSE ""
50 120 96 1.20664011176501 -2.85344911833034 1.5463520352503 -2.62147359235391 FALSE ""
50 141 97 NA NA NA NA FALSE ""
50 630 98 0.895716023126604 -4.58343834493667 -0.180249067219404 -1.53544088102639 FALSE ""
50 687 99 1.32590227796784 -3.59052313551326 2.66765143030161 -4.98448339460274 FALSE ""
50 312 100 0.999242431354886 -2.28402042250101 1.86016957900506 -3.10392886872171 FALSE ""
50 450 101 1.24154553051236 -2.63450787824603 1.29254220680345 -1.96598742631477 FALSE ""
50 766 102 1.08806774354181 -5.3837749741096 1.60031036178617 -4.81818294552467 FALSE ""
50 313 103 3.36988755656608 -0.986218045400259 4.39531436848785 -1.14314885354372 FALSE ""
50 477 104 1.16503872828485 -3.45920643108419 1.08588518973224 -3.05579074730921 FALSE ""
50 305 105 1.18875229924465 -3.71456538053291 0.941738122215858 -4.47947820413126 FALSE ""
50 100 106 1.05775826935936 -1.67505502236854 1.71157873016636 -2.69542320603131 FALSE ""
50 164 107 0.863319806220465 -4.79675189994157 -1.01954881445489 -1.40733999121828 FALSE ""
50 31 108 0.718729480670644 -3.03855271512582 1.34780520150154 -3.83719833783108 FALSE ""
50 371 109 NA NA NA NA FALSE ""
50 61 110 NA NA NA NA FALSE ""
50 343 111 0.995261706742656 -2.72972968495291 0.932874976630059 -2.25503026193233 FALSE ""
50 499 112 5.91650097313044 -1.69093627916883 6.40014043422569 -0.538939880508942 FALSE ""
50 167 113 3.91022321811466 -1.38196459890654 5.00284574478843 -1.2592191180802 FALSE ""
50 520 114 NA NA NA NA FALSE ""
50 296 115 0.721124518944847 -2.87774448951261 -0.259929206037475 -1.19631743451527 FALSE ""
50 211 116 0.993405631815472 -3.44265404142586 0.959041408504448 -2.78364353983148 FALSE ""
50 838 117 5.11100914878404 -1.53514264432335 5.48905001589072 -0.349265735493412 FALSE ""
50 328 118 7.79375622325696 -1.83008296460105 8.01055699920096 -0.254155654177945 FALSE ""
50 25 119 NA NA NA NA FALSE ""
50 26 120 1.61541125081789 -3.79964899917511 1.64491598604716 -2.33690294740535 FALSE ""
50 882 121 0.615752250744094 -2.14770307109056 0.863358515005609 -2.55444899310467 FALSE ""
50 344 122 0.819450768562733 -2.54874743708036 1.21821580437407 -2.94671751634802 FALSE ""
50 168 123 1.09926005618867 -2.95834237698774 1.04173044362035 -2.08456363914994 FALSE ""
50 779 124 0.735410312743741 -3.42852089504583 1.27506204867044 -3.72449086367658 FALSE ""
50 788 125 0.818138741882264 -3.26065646579326 0.534032617414387 -1.93618541805548 FALSE ""
50 408 126 1.17538513503396 -3.50729989895559 0.711622320691492 -1.73162912521512 FALSE ""
50 871 127 1.30978230790093 -4.13680882791328 1.55932764459471 -2.94914349251658 FALSE ""
50 8 128 NA NA NA NA FALSE ""
50 102 129 1.30652552794023 -4.39030289465852 1.18236349679215 -2.74887077766046 FALSE ""
50 372 130 0.782270535659718 -3.14721164951792 0.562126399249568 -2.46970311608508 FALSE ""
50 19 131 36.3029387924245 -6.42501004458431e-16 36.9852175448092 -3.84648672332231e-15 FALSE ""
50 495 132 NA NA NA NA FALSE ""
50 42 133 NA NA NA NA FALSE ""
50 292 134 NA NA NA NA FALSE ""
50 724 135 NA NA NA NA FALSE ""
50 465 136 1.25936853131546 -1.80333602358952 1.77253650882734 -1.34214313430359 FALSE ""
50 293 137 NA NA NA NA FALSE ""
50 524 138 1.15099903307875 -2.5795960854257 1.41300179732307 -1.8805705646596 FALSE ""
50 544 139 1.30796344056025 -3.05256135786557 1.39823658261916 -2.45563856685923 FALSE ""
50 639 140 NA NA NA NA FALSE ""
50 204 141 11.4825547865372 -1.75002068617491 11.6977041880254 0.201690783097332 FALSE ""
50 128 142 1.02303238936579 -3.81156167634847 0.563436684667198 -2.3063002443902 FALSE ""
50 853 143 1.13439677186336 -2.76427529576573 1.5669831502593 -3.83705473026726 FALSE ""
50 257 144 NA NA NA NA FALSE ""
50 154 145 1.35946022033857 -2.20155130725153 1.56451317051265 -1.49589088213617 FALSE ""
50 192 146 4.22971261793526 -1.07809626157576 4.78527521496943 -0.586036653480678 FALSE ""
50 751 147 0.989338052974864 -2.96293495415741 1.16638039457021 -2.58229451274238 FALSE ""
50 85 148 0.973090295311917 -4.02007353654473 1.15791580155222 -2.85837775666789 FALSE ""
50 666 149 NA NA NA NA FALSE ""
50 507 150 3.48286307027345 -1.07070969422111 3.99251229843985 -0.389632980218739 FALSE ""
50 68 151 1.2811663560845 -2.70253054389291 1.18420558271794 -1.92704225595045 FALSE ""
50 661 152 1.09923373925936 -4.4893192003529 0.851148476825982 -3.35515793763832 FALSE ""
50 886 153 1.11644361131636 -2.81577785552885 1.72577784431044 -2.87448670809717 FALSE ""
50 420 154 NA NA NA NA FALSE ""
50 135 155 NA NA NA NA FALSE ""
50 346 156 1.37801042942844 -2.02248394487425 1.40044195192723 -1.14892580642991 FALSE ""
50 762 157 0.941084646131375 -3.98211587549627 -0.0680808891801404 -1.36466388993591 FALSE ""
50 50 158 NA NA NA NA FALSE ""
50 618 159 NA NA NA NA FALSE ""
50 273 160 0.641388035868394 -1.57374810080483 0.942017811953913 -2.10071125218817 FALSE ""
50 446 161 NA NA NA NA FALSE ""
50 517 162 1.10821925077958 -2.14757878592655 1.76415999370859 -2.8849121523216 FALSE ""
50 843 163 12.6321884525677 -1.35730762553543 13.7581230554192 -1.18058111838424 FALSE ""
50 219 164 0.975895839107657 -1.60936489262416 2.15646017046059 -2.40263204570557 FALSE ""
50 191 165 NA NA NA NA FALSE ""
50 589 166 NA NA NA NA FALSE ""
50 124 167 1.27620626238207 -3.81737757894681 0.606880727870705 -1.59792134085426 FALSE ""
50 90 168 0.941162350209883 -4.13779105824831 1.57816813424708 -5.96374680089503 FALSE ""
50 250 169 1.54191899784941 -3.82101615367655 1.46054743018499 -2.93746746977526 FALSE ""
50 15 170 0.477798594488629 -3.76390841913507 0.450588387071502 -2.79345939633234 FALSE ""
50 563 171 NA NA NA NA FALSE ""
50 881 172 NA NA NA NA FALSE ""
50 62 173 0.627030116026068 -2.71083532162379 0.207194891339662 -0.828678790991035 FALSE ""
50 674 174 2.94216884131239 -2.44005219581796 3.29645607382369 -0.541585123535317 FALSE ""
50 710 175 0.774493946477772 -3.96076178165277 0.146092523182153 -1.48498561048849 FALSE ""
50 670 176 1.19724930639605 -2.66158354467505 1.21048892674363 -1.84173537768472 FALSE ""
50 760 177 0.792464540455729 -3.68851426703958 -0.642411777028405 -0.614565217075065 FALSE ""
50 69 178 1.48036937011733 -2.11277299886026 1.62927408533672 -1.29772672882504 FALSE ""
50 169 179 0.88376312032915 -3.18170146326829 0.654490903803749 -2.40185210517497 FALSE ""
50 869 180 12.4766764737539 -1.63833256515105 12.6637451300685 0.0803223723476737 FALSE ""
50 300 181 0.959442624905678 -2.63746485274279 1.07767644246651 -1.77888894275226 FALSE ""
50 579 182 NA NA NA NA FALSE ""
50 88 183 0.904201414915194 -3.11273469026247 -0.17189872300347 -0.812996504556904 FALSE ""
50 778 184 0.529586730457282 -1.71618515076951 0.433200111453286 -1.30290147581218 FALSE ""
50 553 185 NA NA NA NA FALSE ""
50 612 186 NA NA NA NA FALSE ""
50 47 187 1.4659450318851 -2.73921469718255 2.12844267508452 -2.89924645262499 FALSE ""
50 151 188 1.00144346419187 -4.30942623759754 1.94396271809453 -5.38215500861018 FALSE ""
50 755 189 0.843387347901086 -3.52654527498643 -0.0773910105546307 -1.77810112617622 FALSE ""
50 21 190 NA NA NA NA FALSE ""
50 178 191 4.34821399406587 -1.29042319769721 4.99520133446765 -0.67986373853242 FALSE ""
50 245 192 4.61924978754488 -1.27927114306908 4.92753027150667 -0.0636261293558722 FALSE ""
50 14 193 1.36454485153731 -2.06705249995133 1.3199550291346 -1.0303806524003 FALSE ""
50 48 194 1.15584607696099 -2.12000647450502 1.63639376194076 -1.79221086510755 FALSE ""
50 480 195 NA NA NA NA FALSE ""
50 472 196 0.499799336082959 -2.51828660947228 0.0502830587035251 -1.52318346021524 FALSE ""
50 476 197 0.916446145531451 -2.38470281115258 0.825189104787741 -0.942997693248296 FALSE ""
50 685 198 1.14580941616582 -3.8482007261102 0.948222029225137 -3.64070409595681 FALSE ""
50 364 199 0.149852732123839 -3.05362917029793 1.13881739195406 -4.33333379172669 FALSE ""
50 165 200 NA NA NA NA FALSE ""
50 414 201 0.57465731928633 -1.78196385944092 1.00239188826943 -1.86003574484876 FALSE ""
50 872 202 NA NA NA NA FALSE ""
50 733 203 NA NA NA NA FALSE ""
50 193 204 NA NA NA NA FALSE ""
50 369 205 NA NA NA NA FALSE ""
50 368 206 20.7694614609913 -0.0120373614808629 21.414237076672 -0.0956006354156893 FALSE ""
50 255 207 0.642382909428674 -2.74017551809244 -0.193176518065973 -0.306079401959798 FALSE ""
50 692 208 1.61540225454411 -3.5441158417014 1.72596872781249 -2.2528407377596 FALSE ""
50 671 209 0.729087907949771 -2.2128492504351 0.877156531003484 -1.38335544196132 FALSE ""
50 485 210 NA NA NA NA FALSE ""
50 27 211 1.50118682456654 -2.9785120363998 1.64966266329083 -2.79956945047214 FALSE ""
50 892 212 1.15591815920125 -3.5233461542638 1.47585322368572 -3.14222498169831 FALSE ""
50 384 213 0.933683062839204 -2.1794880500729 1.8651298762073 -3.04602736264392 FALSE ""
50 675 214 0.724619463903503 -4.32186055470959 -1.3720627714165 -0.0783536024227667 FALSE ""
50 266 215 1.24510236621479 -2.61216523930789 1.51961374150816 -2.06662739207117 FALSE ""
50 678 216 NA NA NA NA FALSE ""
50 1 217 2.42976097708955 -1.90180524910966 2.89853688486972 -1.25350567756597 FALSE ""
50 561 218 1.03973518484237 -3.44004494371535 1.07911085420112 -1.81009209307546 FALSE ""
50 30 219 NA NA NA NA FALSE ""
50 609 220 1.52219381384857 -2.35304147736087 2.02668852120482 -2.14938579932395 FALSE ""
50 805 221 1.22007803179204 -4.22314592113337 1.28640661796242 -2.43007559582095 FALSE ""
50 349 222 1.55005585711608 -2.74412531740218 1.53242222195801 -1.44731794626775 FALSE ""
50 348 223 0.656708801453911 -3.72560543370122 0.586529236683195 -3.25994180505718 FALSE ""
50 643 224 NA NA NA NA FALSE ""
50 429 225 1.18622412329227 -2.22565869215795 1.63223563959735 -2.5167763808883 FALSE ""
50 617 226 0.754505122489892 -4.49326069963283 0.0918092705775257 -2.68441320815672 FALSE ""
50 821 227 3.35236802689177 -1.71665846639753 3.83628017835222 -0.746646656715186 FALSE ""
50 3 228 1.167879326251 -3.15379640631421 0.640661760636569 -2.00599789665245 FALSE ""
50 566 229 1.59792420832542 -2.61724574304802 2.0305952009307 -1.97808095390958 FALSE ""
50 722 230 0.740821367137985 -3.19638980402711 0.530657571897372 -2.61899785707164 FALSE ""
50 628 231 3.19922746156525 -1.68245159896403 3.4067864208872 -0.518397272287666 FALSE ""
50 228 232 NA NA NA NA FALSE ""
50 479 233 0.749385969807175 -3.47526233979463 1.4331107052134 -3.8805911187205 FALSE ""
50 576 234 0.879580273103624 -3.14058586168212 -0.0232283703695014 -1.29345983931936 FALSE ""
50 440 235 1.06901895548072 -3.2021676694695 1.78890388028556 -3.1694062301675 FALSE ""
50 339 236 1.01085867330715 -3.55622557484019 0.660390374869073 -1.57375193171438 FALSE ""
50 5 237 NA NA NA NA FALSE ""
50 489 238 NA NA NA NA FALSE ""
50 83 239 0.85376897543425 -4.51986443907303 -0.0499849549948739 -1.71132561568608 FALSE ""
50 815 240 1.20023303138049 -3.10863360036575 1.10864486973361 -2.00957782071265 FALSE ""
50 743 241 NA NA NA NA FALSE ""
50 822 242 NA NA NA NA FALSE ""
50 765 243 NA NA NA NA FALSE ""
50 43 244 0.741486406802002 -2.60586643115922 1.3227843075542 -2.89685058411082 FALSE ""
50 39 245 0.540600884403951 -4.5754742073308 0.0178423746028442 -3.29556237060607 FALSE ""
50 282 246 0.915593317122609 -2.28438710223606 0.872726319608443 -1.03054830158031 FALSE ""
50 263 247 NA NA NA NA FALSE ""
50 173 248 0.776694457520027 -3.89790869099441 -0.0699651032598167 -2.66307628968147 FALSE ""
50 390 249 1.16675023518544 -3.4776727439718 0.506490203986992 -1.66258667024315 FALSE ""
50 800 250 0.890049797754133 -1.7625972317183 1.87877598511319 -2.85937564106987 FALSE ""
50 672 251 NA NA NA NA FALSE ""
50 377 252 NA NA NA NA FALSE ""
50 142 253 0.960617548734015 -2.7214957614492 0.970281756472886 -2.53944376630463 FALSE ""
50 638 254 4.30086188164531 -1.8018385985051 4.77087912291445 -0.469177959788817 FALSE ""
50 582 255 0.693835519546656 -3.79178595440854 0.0070279644280266 -1.7986887291722 FALSE ""
50 897 256 0.683722536206113 -2.70211923646748 0.751094710994278 -1.99385107769105 FALSE ""
50 453 257 NA NA NA NA FALSE ""
50 251 258 0.892704102676014 -3.77642760923649 0.233407569690591 -2.40448695726247 FALSE ""
50 812 259 1.11432682858466 -1.71413797468955 1.98076492185076 -2.50197745189876 FALSE ""
50 640 260 NA NA NA NA FALSE ""
50 782 261 1.21357315149361 -2.4275982968101 0.99687541830027 -1.4108630032607 FALSE ""
50 557 262 1.0657450433409 -3.47281053996986 1.30570917528036 -2.31456155193572 FALSE ""
50 366 263 1.08686979282725 -2.60028939163127 1.38901845676154 -2.83574378065793 FALSE ""
50 709 264 1.41981020702804 -6.46789119335666 -1.15530191040264 -1.01328242075531 FALSE ""
50 217 265 NA NA NA NA FALSE ""
50 645 266 1.04337571227171 -3.09725939350004 0.608248143672027 -0.983076372027832 FALSE ""
50 622 267 NA NA NA NA FALSE ""
50 96 268 1.09964330290073 -2.68095629804515 0.537800881210567 -0.472355953326055 FALSE ""
50 602 269 NA NA NA NA FALSE ""
50 623 270 0.790840459649674 -3.24432212809198 1.74245626778451 -3.60591309058677 FALSE ""
50 304 271 1.30139102495663 -3.27437418705553 0.905903614511289 -1.96797218622724 FALSE ""
50 702 272 1.15681996353161 -2.87861413006486 0.869722225498359 -1.91998119712855 FALSE ""
50 227 273 2.13985638284434 -2.069594772341 2.73486958390373 -1.84966816275793 FALSE ""
50 319 274 0.730730794550709 -1.12034939300854 1.31590724588266 -1.46440327806175 FALSE ""
50 768 275 NA NA NA NA FALSE ""
50 383 276 3.04463634072954 -1.62967166417707 3.42982436891487 -0.640603195481171 FALSE ""
50 438 277 2.66128823512405 -1.49856011828826 2.92032147239109 -0.488034345618033 FALSE ""
50 458 278 1.22750088210096 -2.34117336851391 2.06851687788713 -2.70231051775477 FALSE ""
50 76 279 NA NA NA NA FALSE ""
50 513 280 1.35815170996232 -2.24434507053575 1.30968482599637 -2.03315672924906 FALSE ""
50 153 281 2.73123466902905 -1.88321463785158 3.13286697940467 -0.562128783885207 FALSE ""
50 256 282 0.435163311409438 -1.41104298497986 1.94778304165006 -2.99352767794914 FALSE ""
50 832 283 1.24447021303917 -2.31129796860572 1.42519033626999 -2.11436819623993 FALSE ""
50 163 284 1.07998869239362 -3.46550366487275 -0.518635734840694 0.277521154153322 FALSE ""
50 575 285 1.04191054262909 -2.39075969708347 1.31013258804369 -1.86813945055082 FALSE ""
50 41 286 1.53587731124942 -2.55133894971775 2.18664223977066 -3.12881267016507 FALSE ""
50 592 287 NA NA NA NA FALSE ""
50 567 288 NA NA NA NA FALSE ""
50 699 289 0.901380789863866 -3.77544626633495 -0.264936050550302 0.116918294540428 FALSE ""
50 52 290 1.15155375062445 -4.4650106433754 1.19010370803738 -3.16870936286879 FALSE ""
50 583 291 0.853555123112274 -3.4745785838002 0.550006978571294 -1.5524141650423 FALSE ""
50 619 292 0.955201318937037 -5.16718979894788 -0.0493494939399145 -3.57170331441691 FALSE ""
50 796 293 0.836123999920675 -2.94388028845296 -0.409742346207344 -0.450196437851307 FALSE ""
50 642 294 1.25049080772116 -4.05000786938582 0.278531789774135 -1.68816514114182 FALSE ""
50 448 295 1.61906934158663 -2.74415753124334 1.72328892421327 -2.296989750957 FALSE ""
50 614 296 9.98478105508979 -1.65373030940543 10.4474742541179 -0.439639632290137 FALSE ""
50 530 297 1.23570399110852 -2.91017329266266 1.66822592150954 -2.08980154042332 FALSE ""
50 206 298 1.51444594437175 -3.84675625653238 1.82439000233758 -3.65838090886743 FALSE ""
50 160 299 12.370292199455 -1.35411204186498 12.5927211938815 -0.0934202556559182 FALSE ""
50 327 300 1.35764884500527 -3.24206437293625 0.99669463508917 -1.80186330732815 FALSE ""
50 868 301 10.3807124409559 -1.51920080973131 11.1950216405649 -0.900773797563311 FALSE ""
50 422 302 NA NA NA NA FALSE ""
50 166 303 0.724888074422941 -2.84361513593547 0.158591166409779 -1.33561437020055 FALSE ""
50 397 304 5.01654158332372 -1.70280965950976 5.61032985936338 -0.637464539052411 FALSE ""
50 626 305 11.9167696325471 -1.02902210332035 12.5526009386301 -0.0873357344659124 FALSE ""
50 542 306 NA NA NA NA FALSE ""
50 239 307 0.776479797484414 -4.03011302124665 0.577310975760173 -3.66424661920392 FALSE ""
50 275 308 1.25997304543384 -3.60216472057686 0.828406774852217 -1.70893004530013 FALSE ""
50 261 309 NA NA NA NA FALSE ""
50 498 310 1.49633517572728 -2.45122516879803 1.46724863213944 -1.7502942943278 FALSE ""
50 92 311 0.893941535645853 -2.86079880921869 1.76577372137353 -3.47928408740157 FALSE ""
50 508 312 NA NA NA NA FALSE ""
50 38 313 0.958727515966123 -2.69582933723591 1.0576925683818 -2.55510979863071 FALSE ""
50 406 314 1.3063344521854 -3.90002214873653 1.1647068898216 -2.65597623872832 FALSE ""
50 412 315 1.09455642335391 -1.88835819117513 0.821094507397918 -1.2988337028806 FALSE ""
50 215 316 0.890406928342197 -3.5362252556811 0.344652004986624 -1.27065279631169 FALSE ""
50 574 317 0.666516753587147 -2.45008513521576 1.2298793625511 -3.79989536980917 FALSE ""
50 358 318 0.735528369903823 -4.25803883979872 -0.0460800047185536 -1.93253156645763 FALSE ""
50 138 319 1.39053768965261 -2.39284213823181 1.27857786431369 -1.27552477052006 FALSE ""
50 529 320 23.877595898189 5.59543410578677e-07 137.413036651115 3.19228725138825 FALSE ""
50 416 321 NA NA NA NA FALSE ""
50 803 322 0.711861157848892 -2.92642106798361 -0.00264118211394392 -1.93867001147064 FALSE ""
50 415 323 NA NA NA NA FALSE ""
50 395 324 NA NA NA NA FALSE ""
50 723 325 1.20416302973748 -4.93115201076981 1.50265953741352 -3.79802934007565 FALSE ""
50 555 326 NA NA NA NA FALSE ""
50 568 327 0.754090239737524 -2.74230694028785 0.237471794325613 -2.93015009066692 FALSE ""
50 180 328 1.07045169769356 -5.25423238052005 -0.414057292915881 -1.71067988338116 FALSE ""
50 101 329 0.830283210653631 -3.84897533316953 0.274430647927411 -3.4582076872967 FALSE ""
50 695 330 1.41766545367788 -3.6672998419796 1.58221368450274 -2.40541259119906 FALSE ""
50 28 331 4.96636238899539 -1.40897526238424 5.65548287237186 -0.716266351024692 FALSE ""
50 189 332 NA NA NA NA FALSE ""
50 466 333 3.19778927881962 -1.1776278355238 4.08981954316992 -1.03553868651837 FALSE ""
50 439 334 NA NA NA NA FALSE ""
50 330 335 1.42889503254737 -3.41747245575513 0.733367654785994 -1.70024997743327 FALSE ""
50 236 336 NA NA NA NA FALSE ""
50 865 337 NA NA NA NA FALSE ""
50 890 338 12.2610817601264 -1.34648131508271 12.8767748466632 -0.59460196546774 FALSE ""
50 816 339 NA NA NA NA FALSE ""
50 86 340 0.749311584209922 -2.48992221822803 1.17180560448374 -3.05555240625822 FALSE ""
50 374 341 NA NA NA NA FALSE ""
50 249 342 1.28319905406345 -3.73010555930441 0.853944775728454 -0.913752954163333 FALSE ""
50 475 343 12.4604355966089 -2.73082782070862 12.6609841019495 -0.257772733709514 FALSE ""
50 470 344 3.42926658541499 -1.55597090087168 3.68053809385816 -0.374955450655121 FALSE ""
50 73 345 1.07790000061567 -3.200305414005 0.876651247390726 -1.88140032260051 FALSE ""
50 610 346 1.10337257186602 -3.58982372935952 0.313255011753996 -1.3732710181351 FALSE ""
50 107 347 1.1687264682982 -4.10255402179635 1.42089697678708 -4.54513373521412 FALSE ""
50 112 348 NA NA NA NA FALSE ""
50 284 349 20.1473877824216 0.101627959464667 22.0806682394181 -1.67866134045562 FALSE ""
50 547 350 NA NA NA NA FALSE ""
50 91 351 1.17098609099655 -3.1130990697819 1.4725339512443 -2.40398225912482 FALSE ""
50 435 352 NA NA NA NA FALSE ""
50 863 353 1.26731325343256 -2.93900533941622 1.50366752679575 -2.71431587837654 FALSE ""
50 311 354 NA NA NA NA FALSE ""
50 254 355 NA NA NA NA FALSE ""
50 703 356 0.843791229209305 -3.92751522774468 1.07592148613326 -3.43387592784302 FALSE ""
50 205 357 1.28199052572413 -3.21405240521336 0.840954053099022 -1.53768199952522 FALSE ""
50 417 358 34.451169412186 1.22477454495695e-14 35.2620339993379 8.27994035363603e-15 FALSE ""
50 804 359 NA NA NA NA FALSE ""
50 781 360 1.19852708306575 -3.55701279265336 1.98025559781657 -4.18698470957358 FALSE ""
50 270 361 NA NA NA NA FALSE ""
50 801 362 1.27571688697984 -1.7574637253225 1.59673072680046 -1.77489654201017 FALSE ""
50 750 363 0.790948049194438 -2.24684781663297 0.240947839619279 -0.729236731991077 FALSE ""
50 225 364 0.809850318366552 -3.05902165405618 0.780180644229359 -2.71841571534746 FALSE ""
50 447 365 NA NA NA NA FALSE ""
50 858 366 1.74746223723922 -1.63908726788639 1.88740069134764 -0.787677705978127 FALSE ""
50 516 367 0.817076610546395 -2.22848882867259 0.545048707453264 -1.40846628262121 FALSE ""
50 12 368 NA NA NA NA FALSE ""
50 595 369 1.31632118367738 -2.43687871948441 1.67977824818765 -1.83803139508163 FALSE ""
50 237 370 NA NA NA NA FALSE ""
50 332 371 0.470413957181515 -1.92484083024392 0.197271400892296 -0.73856588207047 FALSE ""
50 265 372 0.393506258150699 -3.09849714136116 -0.00944390077245109 -2.24125036185325 FALSE ""
50 13 373 0.895280463378119 -2.43307490987855 0.610545139212525 -1.6270843168403 FALSE ""
50 734 374 1.58295586551699 -4.66933736077695 2.04076534464924 -4.35701837848186 FALSE ""
50 849 375 0.965259576596229 -2.81900127794958 0.663164496062261 -2.05786335116091 FALSE ""
50 644 376 0.929080268141873 -2.87641160261315 1.24387824035118 -2.32001269504749 FALSE ""
50 97 377 1.05389595778196 -3.43543531927867 1.30591251032743 -3.94374074013293 FALSE ""
50 246 378 0.52910562606838 -3.23791798651448 -0.240620877201677 -1.32350441573232 FALSE ""
50 713 379 3.95837851390031 -1.6380653320075 4.50643847454852 -0.811387985998758 FALSE ""
50 437 380 0.525982013115956 -2.6846361774655 -0.107653859178264 -1.99565359201485 FALSE ""
50 830 381 1.03763064113534 -2.90324566696825 0.708151065196607 -1.16920008805963 FALSE ""
50 337 382 0.820922928677984 -1.90594581452771 1.37663249299733 -2.67319404950979 FALSE ""
50 264 383 3.21072532595137 -1.51706449016819 3.66214609930543 -0.597144239092804 FALSE ""
50 835 384 12.4982791941802 -2.05493710671988 13.238128538988 -1.05952392760954 FALSE ""
50 764 385 1.37167239904357 -3.53722748486642 1.1678457774509 -2.88522263532542 FALSE ""
50 36 386 NA NA NA NA FALSE ""
50 693 387 NA NA NA NA FALSE ""
50 474 388 NA NA NA NA FALSE ""
50 445 389 1.56351181777443 -3.24721545080182 0.883643446319714 -0.937048054949932 FALSE ""
50 248 390 NA NA NA NA FALSE ""
50 63 391 0.682956594834662 -2.69714069749057 0.506110896097077 -2.25435690776548 FALSE ""
50 656 392 1.14093698287727 -2.11958336715869 1.68620548042795 -2.65236783723422 FALSE ""
50 22 393 1.13238738492356 -4.24757787045145 1.18635170324807 -3.80898083274188 FALSE ""
50 611 394 1.19416800466032 -2.55770599049596 1.21845597790484 -1.63125466588414 FALSE ""
50 116 395 -0.533342993897097 -4.1767013803834 -0.26554506412875 -3.26168908822527 FALSE ""
50 182 396 0.789014341783416 -3.55542410608418 0.0188075535547919 -1.42696513505676 FALSE ""
50 482 397 NA NA NA NA FALSE ""
50 554 398 NA NA NA NA FALSE ""
50 787 399 1.16318734328099 -1.52997675856586 2.59222269747364 -3.41546456926956 FALSE ""
50 842 400 11.3589198735316 -2.16385662813956 11.9108066832626 -0.735005496301115 FALSE ""
50 829 401 1.41902567021504 -3.8341650388351 1.38715294807939 -2.53214538010932 FALSE ""
50 652 402 NA NA NA NA FALSE ""
50 385 403 0.865577454106707 -2.50578859023731 0.887052740755051 -1.75988061604112 FALSE ""
50 213 404 1.19421079497855 -4.28170749919782 1.00107057018267 -2.05102788222753 FALSE ""
50 712 405 1.01102624487827 -2.59825702541031 1.05408601983309 -1.93564759383225 FALSE ""
50 386 406 0.849199622395786 -4.61980376150347 1.68340832069458 -4.60938578934981 FALSE ""
50 94 407 NA NA NA NA FALSE ""
50 223 408 0.506892299110103 -4.81030983284636 -0.386776017954704 -2.83557547197944 FALSE ""
50 172 409 0.67447311407502 -2.6816121909272 0.897898540585966 -2.11635764369531 FALSE ""
50 752 410 1.01873995301773 -2.11594297797361 0.891166642410636 -0.965360465674264 FALSE ""
50 53 411 0.967119002785503 -3.1514568312797 2.08308792508048 -4.93937756833819 FALSE ""
50 409 412 1.08087357126828 -2.83727761978796 1.28355875805096 -2.57999422600558 FALSE ""
50 214 413 NA NA NA NA FALSE ""
50 208 414 1.30524196040333 -2.78516794184637 1.61523515749246 -2.30535257069524 FALSE ""
50 283 415 0.628352744505694 -2.4443239656014 0.355725249747742 -2.13731791373613 FALSE ""
50 596 416 1.10872049843775 -4.17825580882103 0.181872906691763 -1.659779110685 FALSE ""
50 541 417 3.35847935366858 -1.81319902094138 3.54707061443868 -0.25338780783794 FALSE ""
50 689 418 1.18014591621044 -3.8387614341707 1.82678046396489 -4.47075898872195 FALSE ""
50 875 419 27.6698513749853 -9.01834971139477e-15 28.5570298095756 -2.94040177153857e-15 FALSE ""
50 600 420 NA NA NA NA FALSE ""
50 244 421 0.953516305363858 -3.19328659150918 1.40717420928513 -3.0333737857564 FALSE ""
50 376 422 1.41451036318352 -3.0053071025507 1.41813685969357 -1.94830888467161 FALSE ""
50 773 423 NA NA NA NA FALSE ""
50 625 424 4.4721053795237 -1.40672442227361 5.02332446207261 -0.570537079644234 FALSE ""
50 598 425 1.08602278874555 -3.03028847676484 1.13829820708714 -2.47181820801558 FALSE ""
50 455 426 0.402024070611419 -2.93335239270213 0.444412240784083 -2.35190458443928 FALSE ""
50 67 427 0.455176751222158 -3.3553541875347 0.101079365991562 -2.30616097636159 FALSE ""
50 278 428 0.763678495727353 -3.57885597624246 -0.365657757864622 -0.937997991821096 FALSE ""
50 451 429 0.99257216967774 -2.86609592594898 1.2745008180378 -3.72634924654132 FALSE ""
50 885 430 1.10902329571799 -4.08358383871152 1.99524823998088 -4.45596671582364 FALSE ""
50 608 431 0.83875944721365 -3.0932705446296 0.626900157397926 -3.23711968915978 FALSE ""
50 394 432 NA NA NA NA FALSE ""
50 893 433 5.25131878217109 -1.63764375338323 5.54369933414436 -0.217207680737167 FALSE ""
50 259 434 1.09202827728988 -5.09324541386558 0.326739763375337 -2.60125534196497 FALSE ""
50 855 435 1.36389754903684 -2.466245514153 1.63655226225996 -1.61236397313718 FALSE ""
50 789 436 1.57311986271895 -3.18781132176591 1.58239800453097 -1.34242954051614 FALSE ""
50 593 437 3.63366943494314 -1.75128418188903 3.99371401410824 -0.726911157206782 FALSE ""
50 402 438 NA NA NA NA FALSE ""
50 81 439 0.800544721910334 -3.5234982471646 0.164887420018869 -2.72671060447453 FALSE ""
50 759 440 1.38627967993188 -3.8142231872834 1.07098659091318 -2.4000906901274 FALSE ""
50 229 441 0.643566558484746 -4.11070169713266 0.553116544433185 -3.50673731882604 FALSE ""
50 581 442 0.940920379378804 -3.71979605362488 0.164830308601196 -1.96888876346194 FALSE ""
50 258 443 1.0185283222928 -2.27390180357548 0.941431628920061 -1.17385287421767 FALSE ""
50 826 444 -0.00250164074570899 -3.31916582399472 -0.212128553226049 -2.46587731088696 FALSE ""
50 350 445 NA NA NA NA FALSE ""
50 143 446 1.09962974211673 -1.87046717462591 0.70168062538223 0.032974957264605 FALSE ""
50 75 447 0.852604717614477 -2.04313442333557 1.22866397740464 -3.2003370514644 FALSE ""
50 46 448 1.1920721096675 -3.45469640362402 1.06790398348518 -2.83467547766265 FALSE ""
50 817 449 0.521474088521962 -3.57949378293679 0.372986280375537 -2.69428504192638 FALSE ""
50 359 450 0.627325902030299 -2.72413353371993 0.437350379744772 -1.49427610316282 FALSE ""
50 607 451 0.805132673568934 -3.69429103364664 1.31758282153552 -3.01789078032237 FALSE ""
50 57 452 0.786845541800889 -1.94897730470943 1.30945164959681 -2.82912121451136 FALSE ""
50 552 453 1.08945542583218 -3.62912498734879 0.547736072367589 -2.421780004591 FALSE ""
50 586 454 1.14363299792345 -3.62102706943264 1.72375813903057 -3.09941075072515 FALSE ""
50 736 455 1.56917646171586 -2.31068573676761 1.59403926378359 -0.885600982318126 FALSE ""
50 279 456 NA NA NA NA FALSE ""
50 234 457 0.897884581798666 -3.58438650934031 1.19066298489392 -2.65022808061841 FALSE ""
50 226 458 NA NA NA NA FALSE ""
50 23 459 0.688801381288758 -2.41933178511139 1.49693326092368 -4.59099790918935 FALSE ""
50 569 460 NA NA NA NA FALSE ""
50 196 461 1.09949447867053 -3.44453278102935 1.32947084150433 -2.95901027747144 FALSE ""
50 136 462 NA NA NA NA FALSE ""
50 108 463 0.832349122349022 -4.53433502556403 -0.575581395056056 -1.21314279780933 FALSE ""
50 431 464 1.43841655913412 -2.97175639611336 1.76683211839955 -3.32790254642007 FALSE ""
50 434 465 1.27217737945675 -2.38937516501793 1.32041012185904 -1.79989329117722 FALSE ""
50 253 466 NA NA NA NA FALSE ""
50 809 467 0.890406840916732 -2.77813789749987 1.57681562178376 -4.13179954690431 FALSE ""
50 665 468 5.40828673476156 -1.6723361311724 5.54133707062564 -0.110324846880136 FALSE ""
50 340 469 0.648953372610668 -3.0738668312432 0.914436429838899 -3.15429333695981 FALSE ""
50 49 470 NA NA NA NA FALSE ""
50 852 471 0.846998437393226 -3.50544781959258 0.302699412430288 -1.96597002297878 FALSE ""
50 834 472 NA NA NA NA FALSE ""
50 334 473 1.24281868063489 -3.45467756386759 0.782896419304064 -2.29463308136071 FALSE ""
50 597 474 1.05212809271136 -4.03044631779272 0.788990444216828 -2.86789147764157 FALSE ""
50 728 475 1.47430669967477 -3.77971512335953 1.03392358994025 -2.58607083689376 FALSE ""
50 32 476 0.723790730941696 -4.49637321141074 0.0442267023190898 -2.69677432579898 FALSE ""
50 45 477 1.00282756265254 -3.70660082870519 -0.106015522416479 -1.15506376768758 FALSE ""
50 399 478 NA NA NA NA FALSE ""
50 578 479 12.5662819384937 -1.58639838382991 13.2017452440252 -0.661655552120532 FALSE ""
50 620 480 NA NA NA NA FALSE ""
50 199 481 0.960431318842531 -3.28046452908541 -0.170241983558911 -1.27257273663307 FALSE ""
50 361 482 3.47776410389467 -1.49941163520686 3.99259619173143 -0.698229195974933 FALSE ""
50 308 483 1.18925966249866 -4.13104428306045 -0.357901082518965 -0.28865840042759 FALSE ""
50 604 484 NA NA NA NA FALSE ""
50 224 485 0.648179371630621 -2.70709936475442 -0.0529453839057265 -0.702675128294066 FALSE ""
50 690 486 1.19055064038912 -3.50789849509389 1.24369908757621 -2.02002501914836 FALSE ""
50 688 487 1.33019469906062 -2.92562532526805 2.13228078864538 -3.68103634319468 FALSE ""
50 874 488 1.11708187573832 -2.83921360893323 0.943434267488398 -2.10136737384275 FALSE ""
50 613 489 1.00185196266222 -4.88970552940719 1.0122636882673 -3.07777261969918 FALSE ""
50 663 490 NA NA NA NA FALSE ""
50 315 491 4.96359264899555 -1.43411700872282 5.51786232639803 -0.548075819958981 FALSE ""
50 679 492 6.62119099955773 -1.22601638157338 7.49921317251642 -0.930329130450243 FALSE ""
50 174 493 NA NA NA NA FALSE ""
50 432 494 NA NA NA NA FALSE ""
50 352 495 0.884612761176936 -2.73332330646681 0.122331027327583 -0.34054814712565 FALSE ""
50 879 496 1.5360913674183 -3.13694945576414 0.903357005769598 -0.741492825012584 FALSE ""
50 34 497 NA NA NA NA FALSE ""
50 558 498 3.03604368533909 -1.49534195917511 3.91129562635373 -1.38094047701822 FALSE ""
50 888 499 1.33213574966173 -1.98128872320949 1.01966175407626 -0.360265657660046 FALSE ""
50 850 500 1.48146938131335 -3.55722370475412 2.37810557107369 -3.58704783994559 FALSE ""
50 203 501 0.869886499550642 -2.55916527352218 1.13079521779788 -2.42602362553879 FALSE ""
50 471 502 1.19527728691526 -3.48463633566758 1.69364981729997 -3.81371098688716 FALSE ""
50 814 503 NA NA NA NA FALSE ""
50 577 504 1.09813896219262 -2.66365207968989 1.55942245833243 -2.21243213763025 FALSE ""
50 478 505 0.911347804805212 -2.66653119057846 0.613962224938095 -1.77496965998372 FALSE ""
50 201 506 0.935272715383583 -2.43587262498829 1.43408319974942 -2.30659948199454 FALSE ""
50 418 507 0.768110647125716 -2.76766251198365 1.8490768901024 -3.54163355294595 FALSE ""
50 535 508 NA NA NA NA FALSE ""
50 6 509 0.562388295301373 -2.7467174809772 0.455556241665928 -2.09116714868314 FALSE ""
50 545 510 0.922706265296978 -3.32503737111446 1.41427704203634 -2.68364340150705 FALSE ""
50 457 511 1.44756240859325 -2.92489158710771 2.15959796957352 -2.85430711066388 FALSE ""
50 441 512 1.16545449920368 -2.24011988467641 2.17943026270166 -2.84192609364808 FALSE ""
50 146 513 NA NA NA NA FALSE ""
50 777 514 NA NA NA NA FALSE ""
50 785 515 1.01326556847453 -4.20776333702879 1.37086146544423 -4.01854791212839 FALSE ""
50 324 516 4.67397328144752 -1.41471632777201 5.32502360686516 -0.701115012526485 FALSE ""
50 140 517 NA NA NA NA FALSE ""
50 161 518 0.904030565176322 -3.34787078414166 3.58331901374372 -6.79690565077372 FALSE ""
50 222 519 NA NA NA NA FALSE ""
50 532 520 1.18197972703479 -4.90959030388608 1.59785413375881 -3.78529915901228 FALSE ""
50 729 521 1.3369382632203 -4.47192895155117 0.00431149693470867 -1.48800709290471 FALSE ""
50 37 522 4.9546704452915 -2.06832632080152 5.36491393918989 -0.573901970708674 FALSE ""
50 331 523 0.815138190727738 -2.44179923501313 1.68872341961214 -2.71238226781693 FALSE ""
50 325 524 7.5592906428749 -1.74757918486064 7.85087789256045 -0.288256386336025 FALSE ""
50 721 525 1.22501666563266 -3.78302630668948 1.60961221361982 -3.02690034080187 FALSE ""
50 706 526 1.92860455872303 -1.71471624294492 2.52350479664231 -1.20648638286529 FALSE ""
50 281 527 1.22105136511337 -4.33900793430824 1.07686266543904 -3.75297063328883 FALSE ""
50 262 528 0.988276699627332 -2.80433754679256 1.22312332014134 -2.71373665033371 FALSE ""
50 317 529 1.28902031089056 -2.3747728139528 1.10605264936783 -0.682154506017714 FALSE ""
50 157 530 0.408228325082247 -5.6436711147121 -2.08324005127419 -0.209126174217942 FALSE ""
50 811 531 1.22110003058493 -3.02936945929562 2.17859996976807 -3.68183096651121 FALSE ""
50 606 532 0.836567892301102 -2.89709138891083 0.689020246400313 -2.14026499407552 FALSE ""
50 195 533 1.59503018147408 -3.45689941763513 1.46601755100488 -2.0468893513541 FALSE ""
50 145 534 1.12778033679388 -1.87697071394152 1.03297285524027 -1.22786342337057 FALSE ""
50 20 535 1.51909426532139 -3.72174379114132 1.19151060903297 -2.20962231083863 FALSE ""
50 481 536 1.16100580703637 -2.80819805951723 0.420233174753956 -1.40625198324212 FALSE ""
50 58 537 1.33782531552362 -3.12095924637319 2.04307320455845 -3.30714588862335 FALSE ""
50 769 538 NA NA NA NA FALSE ""
50 323 539 NA NA NA NA FALSE ""
50 497 540 0.745115471048276 -3.30474160196948 0.539389221919448 -2.61378434876603 FALSE ""
50 745 541 1.24427967537033 -2.13262921939758 2.54986851984031 -3.74721730912149 FALSE ""
50 218 542 0.556868819206763 -2.21211265953825 0.366427337461929 -1.1887471808942 FALSE ""
50 333 543 1.07294511063781 -2.65134320216805 1.49965846383114 -2.90947068656517 FALSE ""
50 232 544 0.667527956869659 -2.4870632343574 1.73245815391253 -3.69194753138534 FALSE ""
50 521 545 0.997576073219068 -2.6378127108529 1.00158985838053 -1.71886926410468 FALSE ""
50 646 546 1.46282261748417 -3.03675786875128 1.22587885678291 -2.42028193454832 FALSE ""
50 649 547 1.17911935093439 -3.13534084757832 1.90456487696892 -2.90640251197004 FALSE ""
50 89 548 4.20381525871641 -1.54967033060644 4.75157649985361 -0.644795581775384 FALSE ""
50 825 549 NA NA NA NA FALSE ""
50 387 550 NA NA NA NA FALSE ""
50 684 551 1.06558141289558 -2.8185354424934 0.990805017437796 -2.57969597339722 FALSE ""
50 900 552 NA NA NA NA FALSE ""
50 345 553 NA NA NA NA FALSE ""
50 862 554 NA NA NA NA FALSE ""
50 428 555 6.44228179424366 -1.60452587111716 6.9719629503583 -0.484833448990153 FALSE ""
50 749 556 1.07532677723471 -3.32442248898153 0.645157627469035 -2.30416776896244 FALSE ""
50 353 557 1.21043757251562 -3.21629857425626 1.98834000176751 -3.09222223664966 FALSE ""
50 177 558 NA NA NA NA FALSE ""
50 79 559 10.0529267955015 -1.40674840332727 10.4458003066604 -0.366338705426733 FALSE ""
50 492 560 0.651378463378134 -4.18704625291309 -1.03236541297535 -0.564931489850191 FALSE ""
50 650 561 0.392193696087261 -3.43775020979401 0.792026192136711 -3.88533536022889 FALSE ""
50 533 562 1.32815524325933 -5.50091609856242 0.294559781009795 -1.91522185459975 FALSE ""
50 310 563 1.23953874192475 -3.611978181253 1.32682994445737 -3.11685323055432 FALSE ""
50 621 564 1.03130744537874 -5.96659731573294 0.338326253624087 -4.01110394965428 FALSE ""
50 859 565 NA NA NA NA FALSE ""
50 797 566 0.342469607250747 -2.58767529287603 0.553496617910978 -1.8658917557324 FALSE ""
50 551 567 1.32175798747865 -4.06683787125779 0.682317580713767 -2.53620279860809 FALSE ""
50 188 568 0.651717027664589 -2.90842413931479 -0.233834445142526 -0.922259015413252 FALSE ""
50 365 569 1.61584754732009 -2.1941578011382 1.70968278298915 -1.32032348675486 FALSE ""
50 2 570 1.15606615319039 -4.37499095685406 0.579773040756033 -2.62705929027751 FALSE ""
50 594 571 0.719844646431897 -4.75344916318897 -0.0523813143028824 -3.07362378115499 FALSE ""
50 341 572 NA NA NA NA FALSE ""
50 641 573 1.25438364347514 -6.42583514945504 0.677501348010767 -5.13125702285298 FALSE ""
50 4 574 1.28597907171537 -2.82080081746885 0.839522411306492 -0.779624483105036 FALSE ""
50 696 575 0.987714565615717 -4.58771380211883 0.376755310147172 -1.90680941767156 FALSE ""
50 159 576 0.424664884617048 -3.46568230360164 0.0357885006373223 -2.24149802031061 FALSE ""
50 452 577 12.308170821308 -2.18235620852424 12.8719544758073 -0.453588325410427 FALSE ""
50 570 578 5.21431522829325 -1.73108010121007 5.86913425668602 -0.734856164449595 FALSE ""
50 252 579 1.41691791457739 -2.94701322523264 1.39608910652382 -1.90243498116878 FALSE ""
50 591 580 0.68207580894491 -2.35009477329369 0.990985834807222 -2.59889460544275 FALSE ""
50 288 581 0.850108527717462 -4.69351360141325 1.37064721763274 -3.20337393468759 FALSE ""
50 488 582 1.17587085681978 -2.7729194838411 0.535964544923477 -1.09517682860625 FALSE ""
50 459 583 1.12832319988448 -2.71809176486308 0.667876897102297 -1.34336556853648 FALSE ""
50 731 584 NA NA NA NA FALSE ""
50 110 585 1.15498784289267 -4.37444729461506 0.556566152470925 -2.46062892158306 FALSE ""
50 175 586 1.07232037108913 -2.01491602717742 0.915019263267739 -0.772009513821606 FALSE ""
50 877 587 NA NA NA NA FALSE ""
50 95 588 1.08835298915398 -3.98336093792645 0.632587197308186 -2.28022224520025 FALSE ""
50 468 589 1.11097421566696 -2.76952335216476 1.65515814553718 -3.09316380622748 FALSE ""
50 506 590 NA NA NA NA FALSE ""
50 405 591 12.232212351649 -1.28120597939368 12.9066948955961 -0.600297903073475 FALSE ""
50 635 592 NA NA NA NA FALSE ""
50 484 593 0.848577420307168 -2.3648803216993 1.22098504490427 -2.91683425661017 FALSE ""
50 647 594 NA NA NA NA FALSE ""
50 880 595 NA NA NA NA FALSE ""
50 393 596 1.35504654275309 -3.20175885814669 1.1658397524813 -2.48964271553877 FALSE ""
50 694 597 NA NA NA NA FALSE ""
50 653 598 1.05368046396961 -3.84154649259153 0.698323483735837 -1.98870409062383 FALSE ""
50 59 599 NA NA NA NA FALSE ""
50 74 600 1.00422974276749 -3.44739849966002 0.818082633421457 -3.25601199805583 FALSE ""
50 742 601 0.730308120842749 -2.78476100598514 0.166275319041088 -0.780753767240985 FALSE ""
50 810 602 NA NA NA NA FALSE ""
50 421 603 0.790670262391856 -3.35227608832421 0.393329625198774 -1.99311118356609 FALSE ""
50 16 604 0.954092272724925 -4.59221339421681 0.283361807015833 -3.02875889154127 FALSE ""
50 898 605 9.05562375192689 -1.62217989540673 9.75508183271778 -0.698526018983646 FALSE ""
50 396 606 1.36817998162233 -3.3803007253503 1.37823298409437 -3.18059020968689 FALSE ""
50 190 607 NA NA NA NA FALSE ""
50 398 608 1.41724342523653 -2.42239235133954 1.73769866688061 -1.43702671115281 FALSE ""
50 170 609 1.63490131223622 -1.90242417977606 2.47249702174182 -2.26161214152285 FALSE ""
50 444 610 1.56865101633019 -5.70226169496481 0.0251893373059123 -0.931774679122156 FALSE ""
50 66 611 1.23966151732161 -2.38002645288294 1.42432988496367 -1.49349412639456 FALSE ""
50 664 612 0.964807609180997 -2.6137741982231 1.17215637946162 -2.07166225278698 FALSE ""
50 632 613 3.67581800954137 -1.89497178691336 3.95783117551576 -0.399595135571549 FALSE ""
50 562 614 0.975187651537995 -4.05229614503176 0.0326526446820983 -1.47767796084196 FALSE ""
50 761 615 1.55522974498976 -3.96931392908951 1.15631575494818 -3.2377041982437 FALSE ""
50 404 616 NA NA NA NA FALSE ""
50 137 617 1.0424906520877 -2.24979887586256 1.3716146820402 -1.90077363268115 FALSE ""
50 212 618 1.12042139395779 -3.11171058372815 1.23894869523874 -1.22749140885889 FALSE ""
50 131 619 1.28526004276977 -1.94599245287619 1.53646032309867 -1.80705488123315 FALSE ""
50 539 620 0.727664868444367 -4.65957325381746 0.366471536302428 -3.05210948742432 FALSE ""
50 289 621 NA NA NA NA FALSE ""
50 660 622 1.0686146109535 -3.51547178890135 1.04859703391849 -2.27397795014158 FALSE ""
50 233 623 1.18189371467506 -3.26330134230519 1.30213937795289 -2.02085474289777 FALSE ""
50 242 624 1.33810895337358 -1.93770920306646 2.10625172083848 -1.79873412892378 FALSE ""
50 854 625 NA NA NA NA FALSE ""
50 527 626 NA NA NA NA FALSE ""
50 496 627 -0.558197126966517 -1.88321231485169 -1.05174536384055 -0.71673083795567 FALSE ""
50 840 628 0.922810296037707 -4.99189042226712 0.106601270059368 -3.25585587807663 FALSE ""
50 209 629 1.4336301179811 -2.75089472247474 1.12783207080215 -0.913879772282826 FALSE ""
50 487 630 1.40227209674815 -5.22108166537814 0.878662730813389 -3.65170341638132 FALSE ""
50 719 631 NA NA NA NA FALSE ""
50 231 632 1.28342810308078 -3.07864694634547 1.50851849379392 -2.02781479946437 FALSE ""
50 149 633 NA NA NA NA FALSE ""
50 280 634 NA NA NA NA FALSE ""
50 808 635 0.920462743384087 -2.5624513884637 0.908789898142308 -1.58332836800763 FALSE ""
50 113 636 1.10472215639824 -4.02771093572334 1.32785339271899 -3.23582634882624 FALSE ""
50 33 637 0.981246588377766 -3.06664727084116 1.28995674670007 -3.01998303262394 FALSE ""
50 179 638 1.11910624972043 -1.66236188886293 2.12321749530098 -2.71725465510211 FALSE ""
50 456 639 0.945729066449897 -4.08914711177632 -0.131364281738297 -1.57200035400842 FALSE ""
50 354 640 1.46697404963926 -2.98017583806001 1.42469230988486 -2.07503828068354 FALSE ""
50 624 641 1.08061761922496 -3.03061670065835 0.593016798640235 -1.34947056036792 FALSE ""
50 276 642 NA NA NA NA FALSE ""
50 302 643 1.2227490839243 -2.56367644792084 0.772767168850531 -1.09941854875028 FALSE ""
50 559 644 0.995776235281797 -3.61545958160516 0.447948404176383 -1.84561873723181 FALSE ""
50 363 645 0.975961023034731 -2.67444237227893 1.12109524133371 -1.81882008522095 FALSE ""
50 388 646 NA NA NA NA FALSE ""
50 286 647 1.31555436751763 -2.37181720178399 1.87509341069493 -2.36320304297132 FALSE ""
50 677 648 0.89890200042319 -3.53608725831089 0.0843408068810759 -1.57430712903972 FALSE ""
50 716 649 NA NA NA NA FALSE ""
50 18 650 0.968909106486262 -3.77191907241248 1.58105966053656 -4.19967226054932 FALSE ""
50 155 651 1.36520298774671 -2.67550159956898 1.01171466214166 -1.36464334711191 FALSE ""
50 697 652 1.29634008101227 -2.0310595102351 1.36207325117657 -0.768756629476001 FALSE ""
50 181 653 6.05714357347911 -1.57211264975441 6.34998353640566 -0.213842707499251 FALSE ""
50 775 654 12.1634801971662 -1.59326573251922 12.8835744984362 -0.816539139643336 FALSE ""
50 616 655 NA NA NA NA FALSE ""
50 504 656 1.17854012333624 -3.43645463642649 1.04870428798314 -2.39355882475405 FALSE ""
50 525 657 1.65297704345416 -1.23242543983637 1.90132354700303 -0.475251254788694 FALSE ""
50 207 658 0.80349777182594 -3.08207460182146 0.546056559521993 -2.66364445216567 FALSE ""
50 523 659 0.808513985812042 -2.46154467485428 1.77912021523066 -3.07390607891902 FALSE ""
50 127 660 NA NA NA NA FALSE ""
50 884 661 0.736362783063041 -1.00148050134499 0.887424134156051 -0.725426756517676 FALSE ""
50 512 662 NA NA NA NA FALSE ""
50 560 663 3.29199326375929 -2.43201912557816 3.92719626531853 -1.09610914929333 FALSE ""
50 603 664 0.927083043586532 -2.71445947349379 0.587483501201126 -1.52038370874788 FALSE ""
50 400 665 1.10989985767832 -3.32569490539474 0.976570472758182 -2.56514676124647 FALSE ""
50 747 666 1.19740593023645 -2.40816448476766 1.83306277566435 -2.77506185256501 FALSE ""
50 783 667 1.0242129173263 -3.87684987899602 0.473383569534153 -2.43513720245557 FALSE ""
50 82 668 20.0947228054798 -0.0431832919299891 21.3114699934346 -0.862386489056316 FALSE ""
50 837 669 NA NA NA NA FALSE ""
50 780 670 1.25352980958083 -2.17675912139994 1.45029063496647 -1.85417297177843 FALSE ""
50 851 671 1.25322912051371 -3.01980405793511 1.75358831940856 -2.27059666510341 FALSE ""
50 799 672 0.745624027654977 -2.90201523676182 -0.224476896971132 -0.954510714668191 FALSE ""
50 105 673 1.00287986501992 -2.57800664221356 0.794135119905163 -1.38213500338463 FALSE ""
50 307 674 4.05902569134282 -2.09824542280943 4.32628851082723 -0.549415213976394 FALSE ""
50 895 675 NA NA NA NA FALSE ""
50 295 676 1.46113083812881 -2.7612101724416 1.5760618781042 -1.64550834129739 FALSE ""
50 17 677 0.916985647537458 -3.53554479377881 0.985311373237175 -3.51696122596515 FALSE ""
50 599 678 1.18453819568111 -3.69794137986929 1.25627571925829 -2.69254939091109 FALSE ""
50 269 679 0.834719983388426 -2.15588973573151 0.889754409016834 -0.941065077523016 FALSE ""
50 899 680 0.931693813271868 -3.69160762753358 0.973877616550211 -2.53092436231341 FALSE ""
50 820 681 1.24050691255232 -2.53447094015116 2.00302278138394 -3.83976522493431 FALSE ""
50 375 682 0.787476961545705 -3.18502843069695 0.282451319567739 -2.64623666199281 FALSE ""
50 430 683 1.57311223106981 -3.97531022516816 2.10317370103653 -3.90691732948542 FALSE ""
50 411 684 1.010569055333 -2.89371682221393 0.425362991445985 -0.998424808650213 FALSE ""
50 147 685 0.571273968949473 -2.86818644937541 1.20295934471824 -3.31661838617454 FALSE ""
50 329 686 0.731252433483736 -1.27322561971197 1.06726878811766 -0.757399018632065 FALSE ""
50 271 687 0.963695418545315 -3.4561227920667 0.794697484200079 -1.92391748229356 FALSE ""
50 878 688 1.53193440753133 -3.88037835166662 1.23235985921943 -3.30033093781052 FALSE ""
50 870 689 1.47491320074482 -4.50680066873011 0.62840150541318 -2.71100520542274 FALSE ""
50 220 690 1.04315198276406 -4.08348172365734 1.26775821847627 -3.96374650124109 FALSE ""
50 550 691 1.02072555138877 -3.38622771509776 0.649301904593351 -2.7662162592393 FALSE ""
50 355 692 0.924057087703375 -4.75471296210834 0.96385922852615 -3.6190401429029 FALSE ""
50 740 693 1.13131706538523 -5.64561795952825 0.426738923478112 -5.3283044942413 FALSE ""
50 770 694 1.01940739306219 -3.23521622149098 1.51589850753143 -3.23280235917106 FALSE ""
50 267 695 9.41743928010426 -1.80472050120968 9.98382187533613 -0.501782094203372 FALSE ""
50 873 696 0.755439416830897 -5.41029822967893 0.117014088432876 -3.13606190849803 FALSE ""
50 419 697 NA NA NA NA FALSE ""
50 433 698 1.44936482019888 -2.99500389081407 1.98380146998829 -2.68010111522754 FALSE ""
50 117 699 1.31010415628116 -4.21680784691387 0.407809013592771 -1.80491459296499 FALSE ""
50 889 700 0.825960922457674 -2.78244173417557 0.5887216695319 -1.65689159850857 FALSE ""
50 290 701 11.0446872052669 -1.65509183037442 11.8689790874594 -0.707506260952833 FALSE ""
50 711 702 1.28237483694805 -3.64048934361593 0.776631567465053 -1.82610753129212 FALSE ""
50 391 703 NA NA NA NA FALSE ""
50 277 704 1.15352588280507 -2.45467904620277 1.18434952323279 -1.184388547795 FALSE ""
50 714 705 1.54000006737082 -4.80546142918328 1.73290914548404 -4.5464737749021 FALSE ""
50 753 706 10.9492979457033 -1.12521657880509 11.6268084772741 -0.642282778819805 FALSE ""
50 51 707 7.31258008150352 -1.69502091921459 7.59427584422716 -0.193402465147712 FALSE ""
50 629 708 0.813366870730281 -3.3757094360769 0.878932345927432 -2.53419433397929 FALSE ""
50 704 709 NA NA NA NA FALSE ""
50 717 710 1.09918339853284 -2.63838679502185 0.569481722263977 -1.17211711625604 FALSE ""
50 486 711 NA NA NA NA FALSE ""
50 537 712 1.63101214881185 -3.09445335161181 1.26085423081119 -1.46057646065827 FALSE ""
50 584 713 0.795611503977095 -3.08410366826101 1.60518503911525 -3.80719244414469 FALSE ""
50 436 714 0.912988254603253 -2.18566121490861 0.502940325977073 -1.22479952640573 FALSE ""
50 514 715 1.00219050455153 -2.90055208395008 1.68802761071789 -3.16262361506974 FALSE ""
50 564 716 1.63378281739037 -4.10278312361695 1.03985105179647 -1.66346607536288 FALSE ""
50 303 717 1.12204726190726 -3.01893543714528 0.765537333113228 -1.89031045167144 FALSE ""
50 601 718 0.279709175919365 -2.77351647583591 1.085681927606 -4.72474862155566 FALSE ""
50 651 719 1.38440666237432 -3.37769536609341 2.09406034551608 -4.20782871859139 FALSE ""
50 833 720 1.57478573135447 -2.28593860764795 1.20847132851121 -0.736867507970099 FALSE ""
50 462 721 2.67605578848378 -2.17477052012418 2.29929105848022 0.114985755593925 FALSE ""
50 103 722 1.27345369186638 -5.00791658534711 1.62855484275019 -4.63553445218582 FALSE ""
50 260 723 0.750114414292196 -4.61085602071766 1.21823624096521 -4.68626686041609 FALSE ""
50 738 724 1.03691072688596 -2.0949981010848 2.04880835873575 -3.38218543389037 FALSE ""
50 460 725 1.50321832626399 -4.40642235683348 1.22983785579419 -3.39891930715285 FALSE ""
50 272 726 1.2869699253683 -3.73046553135883 1.94219985708327 -3.97794460839587 FALSE ""
50 449 727 0.545030247597099 -2.36783114288076 0.82762051101681 -2.33709970986901 FALSE ""
50 403 728 1.24209337232047 -3.8795129863442 0.92071079924075 -1.89060360029893 FALSE ""
50 122 729 1.24848949734608 -3.71473944573605 0.206434732498093 -1.46028291398855 FALSE ""
50 70 730 1.2278753881244 -4.44706659109819 0.731999554409347 -2.55482098374675 FALSE ""
50 184 731 NA NA NA NA FALSE ""
50 587 732 NA NA NA NA FALSE ""
50 526 733 1.12643464484698 -2.11145413200222 2.09725302961438 -3.31360775065164 FALSE ""
50 60 734 1.45947327964127 -2.17930224051773 2.28457887620104 -2.64056103894469 FALSE ""
50 798 735 8.44655769420764 -1.83167023396562 8.83529639185475 -0.360219182066974 FALSE ""
50 71 736 9.69467112610835 -1.64707277170481 9.97858902805338 -0.213124546535069 FALSE ""
50 301 737 0.532908735831044 -3.62766320304787 0.0570920324799513 -1.46215754586003 FALSE ""
50 792 738 1.41551040332892 -4.00194384343769 2.05762354696244 -3.12683432049314 FALSE ""
50 134 739 NA NA NA NA FALSE ""
50 351 740 1.13782107952608 -3.71692275863466 2.12599191126132 -3.58995018577382 FALSE ""
50 807 741 0.836147652511066 -2.30210590556863 2.38282613832442 -3.84781216620925 FALSE ""
50 887 742 0.386401919289597 -4.00295976458874 -0.26569398579099 -1.64026494033371 FALSE ""
50 413 743 1.08219630831446 -3.41494195425449 1.18141772804973 -2.37250533516951 FALSE ""
50 183 744 NA NA NA NA FALSE ""
50 627 745 1.02333561593466 -2.06561125272525 1.27111684352687 -1.96919347735027 FALSE ""
50 461 746 1.23617581565514 -2.77687676811868 1.02881370286428 -1.08060629152235 FALSE ""
50 44 747 1.50039208359531 -3.65660298820124 0.490916610330905 -0.597814689959138 FALSE ""
50 326 748 0.356969619610181 -1.05255675292898 1.25596124968497 -1.8541846793999 FALSE ""
50 818 749 1.17136237880364 -2.79757290364618 0.563279767490899 -1.27074929639695 FALSE ""
50 683 750 0.831242179607254 -2.99680877256676 0.557065535329129 -1.41146876628682 FALSE ""
50 370 751 1.29107139048579 -3.48028815125029 0.336875496372672 -1.10442323029915 FALSE ""
50 425 752 12.5047108444064 -1.53310719948568 12.8651044186024 -0.388113664159884 FALSE ""
50 87 753 3.06459104152586 -1.99281411086805 3.44221996865596 -0.646418973471252 FALSE ""
50 321 754 0.898128030402305 -2.1426307262945 1.16402892053601 -2.38539983867041 FALSE ""
50 185 755 1.52374733519879 -2.38791980387254 1.88218109152485 -1.87009010567555 FALSE ""
50 382 756 NA NA NA NA FALSE ""
50 93 757 0.97189688925434 -4.05495810116648 0.373508222417779 -1.33949664660126 FALSE ""
50 194 758 0.797418913314123 -2.93635172488867 0.365844037390003 -1.72033176378578 FALSE ""
50 503 759 NA NA NA NA FALSE ""
50 588 760 0.958923307367468 -4.04334258350283 -0.349186796884117 -1.8721349886436 FALSE ""
50 857 761 0.937941034894645 -5.29245977860612 -1.35746231735997 -1.14829805030189 FALSE ""
50 336 762 1.05816008890219 -2.79549745401675 0.862183710784182 -1.68525173029564 FALSE ""
50 511 763 5.4271640877883 -1.04299784557288 6.35193211123788 -1.16674459056958 FALSE ""
50 389 764 0.810855828778528 -3.13678272205778 1.35203787618909 -4.24222416889735 FALSE ""
50 401 765 1.50299494510548 -2.16758860112812 1.72558583947559 -1.69676653146408 FALSE ""
50 615 766 0.935534884921566 -2.95260367319269 1.01377965645711 -2.94925135854196 FALSE ""
50 673 767 0.928188830513506 -2.72730493713892 0.862684955610699 -2.05614624991425 FALSE ""
50 776 768 3.77976623981656 -1.86448214804019 3.97450431957037 -0.354244819596254 FALSE ""
50 322 769 0.446824128341844 -2.11577522539037 1.00122452087264 -3.98593149627375 FALSE ""
50 467 770 NA NA NA NA FALSE ""
50 891 771 1.13138753176549 -3.36475267559423 1.33294126057856 -2.60998013428089 FALSE ""
50 335 772 1.05288181319148 -5.03891650651995 1.17060683392122 -4.78085615802223 FALSE ""
50 119 773 0.624460033022544 -1.85651281523279 1.20099191284446 -2.179838975089 FALSE ""
50 424 774 1.01993706268447 -3.36798456109328 0.945938964965651 -2.39196654583074 FALSE ""
50 518 775 1.07194672809968 -2.61723238909039 1.63455656295802 -2.21014391745975 FALSE ""
50 585 776 1.10196445554442 -4.86414495956 0.419209135812959 -3.65557231851288 FALSE ""
50 238 777 0.920858186346791 -4.83266183395711 -0.854521332132374 -0.272536310877161 FALSE ""
50 316 778 1.00168702983974 -1.8359055500465 1.91293683219868 -2.84723535816096 FALSE ""
50 129 779 1.04889377685112 -2.50512881396117 1.41956023154659 -3.35030241972663 FALSE ""
50 230 780 4.95640397839872 -1.70147710407499 5.25849435936904 -0.192777435306917 FALSE ""
50 549 781 1.05723729011 -2.16659003561513 1.36603378488046 -2.02228458260102 FALSE ""
50 637 782 5.14390021379042 -1.4208976081315 5.58039395915203 -0.307852861953682 FALSE ""
50 784 783 NA NA NA NA FALSE ""
50 538 784 1.07191486757516 -3.4954500284659 1.57428941183413 -3.77507366211989 FALSE ""
50 297 785 1.77727413301802 -2.12285987163699 1.98056007945592 -1.47743975228395 FALSE ""
50 522 786 0.657825108940001 -2.90393373783376 0.491815336057188 -1.66812633764162 FALSE ""
50 54 787 NA NA NA NA FALSE ""
50 314 788 0.221049489617708 -4.8716251365892 -0.413737165386756 -2.53702953068594 FALSE ""
50 896 789 0.94852558072467 -3.75003239342774 1.26010681439544 -3.29073571071334 FALSE ""
50 491 790 1.00415826595643 -2.7408551762186 2.09985937314584 -4.08295525564534 FALSE ""
50 519 791 1.19949650322593 -1.9171720045479 1.28933641003341 -1.22517676127208 FALSE ""
50 216 792 1.05771639052932 -2.3777744324543 0.811485176300842 -1.33557103805501 FALSE ""
50 715 793 1.15086406972874 -2.97620044947931 1.19031193184828 -2.03662244688888 FALSE ""
50 845 794 0.487842400994804 -4.01281634646294 -0.469244464108551 -0.915662757369665 FALSE ""
50 720 795 1.02482655680455 -3.0430607583446 1.02608237355153 -2.75461172971965 FALSE ""
50 757 796 NA NA NA NA FALSE ""
50 631 797 0.783515292274887 -4.00297075388152 0.969029167791892 -3.09481255972108 FALSE ""
50 548 798 1.05738247654623 -2.73764784174984 1.0337201324689 -2.51615119063879 FALSE ""
50 287 799 1.43383678624619 -2.92466985494111 1.67080621248864 -2.04000412548119 FALSE ""
50 505 800 3.3217408306341 -1.49414760486445 3.79755486967113 -0.642347604405865 FALSE ""
50 556 801 NA NA NA NA FALSE ""
50 839 802 4.98640780834104 -1.94771323420794 5.29988696222961 -0.341778228454434 FALSE ""
50 80 803 0.9331828602506 -2.90672648743178 1.44707294465563 -3.9318017407334 FALSE ""
50 235 804 1.04333702575128 -2.3511217952066 0.838818222684628 -1.28706858478266 FALSE ""
50 162 805 NA NA NA NA FALSE ""
50 407 806 1.55268804203403 -3.50666194549314 1.85065691956632 -2.53274783756727 FALSE ""
50 115 807 1.16014113737094 -2.07714497221633 1.61641919613321 -1.98469983203148 FALSE ""
50 866 808 6.15872821397191 -1.18100471691707 6.8517428280468 -0.66733384915829 FALSE ""
50 771 809 NA NA NA NA FALSE ""
50 454 810 1.24090095425125 -3.52649800314415 1.04385315035011 -2.30192915687694 FALSE ""
50 806 811 0.591893551096669 -2.85948251365611 0.790457984657782 -2.06524340239606 FALSE ""
50 756 812 0.594815886418136 -2.8242124764399 -0.326092157044355 -1.12914541375703 FALSE ""
50 378 813 3.53109348894979 -2.16127313440032 3.70363325422671 -0.504960284724449 FALSE ""
50 29 814 3.10302943950828 -2.03323527360621 3.42692458638804 -0.810392383621222 FALSE ""
50 727 815 0.886137073295137 -3.00623884623572 1.09262345693008 -2.16104181604842 FALSE ""
50 410 816 0.643363535575266 -3.10458143054371 0.494583172497448 -2.28236700536927 FALSE ""
50 98 817 1.27810628109826 -4.49066434537297 0.843769828727317 -3.05221236963323 FALSE ""
50 502 818 3.35272170608686 -1.85532015629543 3.61774841916528 -0.339106359491232 FALSE ""
50 298 819 1.57229467286961 -2.65305728034988 1.46386777596318 -1.77204446419805 FALSE ""
50 114 820 1.09424354396501 -4.93888165253261 2.4627164898474 -6.69646232433604 FALSE ""
50 210 821 0.96947107249614 -1.87030660696092 1.41017060331022 -1.16472724660606 FALSE ""
50 634 822 1.19131106905656 -3.82774625230558 0.460909937090858 -1.76381612965816 FALSE ""
50 7 823 1.00024751020114 -3.28764421365778 0.793692838265624 -2.67329261502439 FALSE ""
50 831 824 0.941600132970984 -2.10024157555261 0.942080712476508 -1.64178518020816 FALSE ""
50 590 825 10.9045793896969 -1.22354058888211 12.0054377945571 -1.21985201622129 FALSE ""
50 104 826 NA NA NA NA FALSE ""
50 367 827 0.975758659911626 -4.00464073009678 -0.999195356174205 -0.0363911354460238 FALSE ""
50 847 828 0.724582029728085 -2.25691549064275 1.38056133675733 -3.15582247173717 FALSE ""
50 846 829 0.928430709216748 -4.26364654226267 -0.615534619655388 -2.16724477547298 FALSE ""
50 823 830 6.16812059640904 -1.50358497720907 6.81549212797541 -0.743060791475282 FALSE ""
50 701 831 0.908408323187821 -1.79706185015978 1.10811843186057 -1.9111110544399 FALSE ""
50 856 832 0.695376526512113 -1.81353033025971 0.330776782226711 -0.487603915690272 FALSE ""
50 186 833 1.27126127279086 -4.51060685558346 0.893600464279073 -2.08118332977053 FALSE ""
50 657 834 0.935333701929699 -4.40581056097761 -0.745351748780479 -0.407615360054882 FALSE ""
50 501 835 0.97276893751861 -3.24400155575736 0.141928899676909 -0.752868532961606 FALSE ""
50 35 836 0.932601376891666 -2.97364118442217 0.784746474721661 -2.17528402593351 FALSE ""
50 152 837 NA NA NA NA FALSE ""
50 658 838 1.08427766261728 -2.57923268173496 0.953158629293273 -1.4744327255244 FALSE ""
50 705 839 3.10222218168499 -2.15331274223459 3.35191465116031 -0.612876412693107 FALSE ""
50 795 840 0.270693425264989 -2.69474024458971 -0.386847971276104 -1.51328313844925 FALSE ""
50 659 841 NA NA NA NA FALSE ""
50 707 842 NA NA NA NA FALSE ""
50 320 843 NA NA NA NA FALSE ""
50 894 844 0.737242752787751 -3.61587749262044 -0.0157565978507197 -2.11498662526236 FALSE ""
50 725 845 34.2716950895975 2.59313382159203e-15 35.0403782493328 0 FALSE ""
50 442 846 1.03901185968872 -3.89994888897672 0.519774318641797 -3.27018855506576 FALSE ""
50 737 847 1.01263743854262 -4.10956077417393 1.28598746142023 -4.44821402731745 FALSE ""
50 106 848 1.23192815272157 -2.90653107111973 1.21616673761252 -2.59671825934044 FALSE ""
50 580 849 0.576245329670052 -3.40452181664258 0.458755777201945 -2.07476984630528 FALSE ""
50 121 850 NA NA NA NA FALSE ""
50 144 851 1.68762449515527 -3.65815789439023 0.950662792026359 -1.05138082465439 FALSE ""
50 78 852 0.941751072307261 -4.30365563762522 0.957278018154868 -4.05427860257505 FALSE ""
50 605 853 1.23096498157387 -4.21142101489813 1.24872326676145 -2.70292845853802 FALSE ""
50 772 854 11.2774551893739 -1.44568194196861 11.8313241796129 -0.165844287539608 FALSE ""
50 509 855 10.472638522284 -1.84502349429051 10.7538460214285 -0.24328858710684 FALSE ""
50 686 856 NA NA NA NA FALSE ""
50 730 857 1.08118525589654 -2.16605265970207 2.39088872687846 -3.6148479201654 FALSE ""
50 700 858 1.08674603171306 -2.49325994018584 0.884429283083095 -1.1841630180751 FALSE ""
50 534 859 1.52199427330837 -3.03032328939397 2.57664115791525 -4.05232266957317 FALSE ""
50 682 860 1.65897757817777 -2.90055577385802 1.63556166529267 -0.998365993482039 FALSE ""
50 111 861 1.2144301365188 -3.13898807822611 0.961057431959768 -1.46471062267386 FALSE ""
50 380 862 NA NA NA NA FALSE ""
50 357 863 0.64561889873757 -2.58191363151208 1.7884499119282 -4.07929434198162 FALSE ""
50 109 864 1.26928471544294 -3.70816229874053 1.89574761395656 -4.95062471320015 FALSE ""
50 171 865 3.17988492127913 -2.01931109055435 3.53707624807269 -0.689380324983129 FALSE ""
50 197 866 0.935668441583104 -2.67181501618614 1.2418770399654 -2.72171230790815 FALSE ""
50 291 867 1.04968202620751 -3.01000043581618 1.61226176343505 -2.2934868886941 FALSE ""
50 294 868 0.990501439581041 -3.36965144698614 1.05211280630617 -3.42243290987704 FALSE ""
50 64 869 0.252717805672053 -2.39744923517367 0.720677518362646 -2.74088734771267 FALSE ""
50 669 870 NA NA NA NA FALSE ""
50 848 871 1.00784060219533 -3.6879899903746 -0.162263962121765 -0.00637416697034932 FALSE ""
50 483 872 1.22088483350581 -2.80395795563734 1.07833460029611 -1.85688013774291 FALSE ""
50 681 873 1.28392638680694 -1.91613696638398 1.37628739546189 -1.41469134118708 FALSE ""
50 667 874 0.770206431688514 -3.57430046835231 0.715249228705267 -2.34730297282789 FALSE ""
50 571 875 0.844740068112321 -1.57500916627806 1.130031125852 -1.70018285962629 FALSE ""
50 543 876 NA NA NA NA FALSE ""
50 786 877 1.1516567599806 -2.9553424478235 1.21819169334073 -3.00120546074032 FALSE ""
50 746 878 1.18869693746195 -6.36502564041806 -0.525686615019388 -2.04783455244369 FALSE ""
50 883 879 1.48477231438114 -2.21732488619786 1.58843689755042 -1.23215132451993 FALSE ""
50 531 880 NA NA NA NA FALSE ""
50 791 881 0.56039947383263 -2.11445099531308 1.03166418735684 -1.80665230863037 FALSE ""
50 469 882 NA NA NA NA FALSE ""
50 735 883 NA NA NA NA FALSE ""
50 636 884 0.901123441348039 -2.03775130971763 1.67128466764008 -3.00602755699989 FALSE ""
50 132 885 1.31109467144527 -3.23318127328607 1.86082303985307 -3.21483341776848 FALSE ""
50 126 886 1.21240610885064 -3.91585969354665 0.547268178696502 -1.51269538393654 FALSE ""
50 654 887 1.4673900776693 -3.39359245448749 1.73457650379837 -2.69258214518895 FALSE ""
50 739 888 NA NA NA NA FALSE ""
50 774 889 NA NA NA NA FALSE ""
50 708 890 0.955662593067039 -3.27270072327159 1.0376972935983 -1.70551816846931 FALSE ""
50 860 891 NA NA NA NA FALSE ""
50 202 892 0.922781798762092 -3.01683577465717 0.829424222128338 -2.05451880882495 FALSE ""
50 648 893 1.12992557494368 -2.11973109783599 1.31122085566632 -1.53641574749558 FALSE ""
50 125 894 1.2742608228642 -2.52131744420709 1.40462583082812 -2.52114898226878 FALSE ""
50 573 895 0.356854795659104 -2.08245693237972 0.522971272222066 -2.14463771832766 FALSE ""
50 65 896 0.974722949362396 -3.49316348375032 0.936356487903451 -2.13066679233502 FALSE ""
50 662 897 1.21694086842059 -3.14838802214803 1.06807741337956 -2.25096742085243 FALSE ""
50 813 898 0.73445994082579 -2.18000685632657 0.635179879369528 -1.63247181307855 FALSE ""
50 828 899 NA NA NA NA FALSE ""
50 241 900 5.20346630016012 -1.68329345683303 5.46588821993699 -0.296842846067514 FALSE ""
