"n" "rep" "id" "b0_mu_hat" "b1_mu_hat" "g0_si_hat" "g1_si_hat" "error" "errorMessage"
800 15 1 1.39929686827 -2.95665238055562 1.48816179452692 -1.81876232219104 FALSE ""
400 17 2 1.25312414706036 -2.8911897690138 1.51011535538831 -2.38406637407825 FALSE ""
600 1 3 4.28778059892372 -1.58300630701086 4.78111567768261 -0.622524542328216 FALSE ""
700 8 4 NA NA NA NA FALSE ""
300 8 5 NA NA NA NA FALSE ""
700 3 6 1.10965763149366 -3.36907139951182 0.990196315027492 -2.37667621465007 FALSE ""
400 3 7 6.54478073559494 -1.72335192247425 6.97961004704633 -0.414699072282201 FALSE ""
600 15 8 1.0280425901812 -2.98983262622497 1.10451129470838 -2.33996443132188 FALSE ""
1000 9 9 1.18893113173187 -3.00130671148257 1.34068831421338 -2.32471033792887 FALSE ""
600 12 10 1.22370695453741 -2.64585149645399 1.33062365186804 -1.67942078453009 FALSE ""
900 3 11 1.18324381825393 -2.91196090088595 1.29849082223221 -1.9751147565311 FALSE ""
700 6 12 1.21275543999099 -3.08885275782707 1.32400714754361 -2.31125796671984 FALSE ""
800 2 13 1.2767870590593 -2.9770474936396 1.35942568359583 -1.97783259551233 FALSE ""
500 6 14 1.02807234848719 -3.33216476286 0.989722309639735 -2.15602521634876 FALSE ""
800 8 15 1.21400545277848 -2.68363531956008 1.17548441750937 -1.65835374568542 FALSE ""
100 3 16 1.2283356364452 -2.26526219215232 1.51254835035721 -1.7240991869593 FALSE ""
200 5 17 1.18484993677097 -2.70797644347141 1.21058830918828 -1.31332515617722 FALSE ""
400 18 18 2.9186758761633 -1.60572818009777 3.44357792212494 -0.878324126439914 FALSE ""
200 20 19 1.04087650745494 -3.54274808482734 0.722704779696676 -2.23463024918183 FALSE ""
900 14 20 1.20150489237073 -3.09752816407701 1.27919787907727 -2.17502531832619 FALSE ""
300 5 21 0.881963717435694 -2.66318445701922 1.14481843306479 -2.37550510547457 FALSE ""
600 17 22 1.25132263705419 -3.16731638596857 1.2031172515443 -2.12022169638668 FALSE ""
900 1 23 1.24373100042577 -3.01269114985516 1.21374520514127 -2.07609250972244 FALSE ""
300 3 24 1.17363642564072 -2.71596972564971 1.29820771876276 -1.8930597398825 FALSE ""
1000 19 25 1.29010323547717 -2.99308561469569 1.37525117329165 -2.01400746341954 FALSE ""
500 3 26 1.13715550283239 -3.07858578088625 0.986179500748091 -1.60440990213699 FALSE ""
700 5 27 1.19518726317934 -3.15711810950882 0.987753599547855 -1.70862057244489 FALSE ""
100 20 28 1.28432231529186 -3.6501753116149 0.637406645610108 -1.58741951454337 FALSE ""
200 1 29 4.98870223054719 -1.51400870545666 5.31497295579799 -0.261386018784728 FALSE ""
300 20 30 1.24828099428291 -2.63054224713575 1.73688279310749 -2.67339818511396 FALSE ""
500 4 31 12.8221338645428 -1.43471872767003 13.3079061956071 -0.43442946960599 FALSE ""
100 8 32 1.15903570163857 -3.32682380382055 0.997964476449879 -2.32869045050279 FALSE ""
800 20 33 1.16764875607586 -2.94451376943468 1.39427622742823 -2.34518758538858 FALSE ""
600 11 34 1.2522629963613 -3.04790196432215 1.08799108311851 -1.64852214399471 FALSE ""
900 10 35 1.16998095189553 -2.71967058555541 1.37829536984677 -2.11592097107418 FALSE ""
400 6 36 1.11844291843747 -3.22540223339497 0.708084947360917 -1.67307991968071 FALSE ""
900 11 37 1.1663697848753 -2.9638148286461 1.26232728819366 -2.02171630272598 FALSE ""
500 13 38 1.1236418669506 -2.9336449054903 1.07200587345151 -1.84555714375197 FALSE ""
600 4 39 1.14234108361627 -3.05872193103482 1.19035951054263 -2.17559380703691 FALSE ""
400 13 40 1.15581789810579 -3.02700017179825 1.26079711110992 -2.24071668650325 FALSE ""
700 19 41 1.11297314211677 -2.50641814064427 1.33565206667014 -1.84470079732205 FALSE ""
400 19 42 1.20002356355445 -2.91815534071786 1.2980501266454 -2.12605454329954 FALSE ""
300 19 43 NA NA NA NA FALSE ""
900 18 44 1.11731556598494 -3.17493784547546 0.955922828514464 -1.81742227660414 FALSE ""
1000 18 45 1.23858367625502 -3.07078624508811 1.2750896942342 -2.04279443249289 FALSE ""
500 8 46 NA NA NA NA FALSE ""
600 2 47 1.0925355829663 -2.85071947679455 1.25532145059959 -2.29678422127712 FALSE ""
300 9 48 12.02643115824 -1.50420820943863 12.7355045308205 -0.676278253064973 FALSE ""
800 7 49 1.08190469480452 -3.39128191585465 1.00021278117614 -2.43055655765956 FALSE ""
200 15 50 NA NA NA NA FALSE ""
600 16 51 1.36720868418549 -2.83922677815324 1.42958030591413 -1.66580132830008 FALSE ""
800 3 52 1.25255907269967 -3.27723610830689 1.15040634808413 -1.821516838392 FALSE ""
100 2 53 1.51237510619616 -2.94933077427097 1.6631043457796 -2.024391273987 FALSE ""
200 11 54 1.19035382984094 -3.34668517689433 1.24410138593928 -2.47079030524911 FALSE ""
600 8 55 1.17220737006257 -3.4945581535939 0.919486325508577 -1.78226775946893 FALSE ""
400 11 56 1.28530026703679 -2.93497863615303 1.36680387418712 -1.96770708977064 FALSE ""
600 18 57 1.14335476631679 -3.56190036601419 1.0141479508109 -2.30763931278315 FALSE ""
400 5 58 1.10873879522413 -3.28373334454486 1.22953344851394 -2.61242860124357 FALSE ""
800 17 59 3.89568213633601 -1.43650102823727 4.45950207513369 -0.622428081888271 FALSE ""
1000 8 60 1.08644727965422 -2.81244729469762 1.15989893900435 -1.99535854189536 FALSE ""
700 1 61 1.10143812138606 -3.10174284734572 1.02406750174642 -2.18793094890508 FALSE ""
400 9 62 1.13342655242946 -2.7762713273322 1.25600757587467 -1.87798219346921 FALSE ""
600 3 63 1.23886878699909 -3.36503712342992 1.1976805052727 -2.18010743027585 FALSE ""
300 12 64 1.2914703108329 -2.52914883578479 1.20283120643374 -1.54814697725288 FALSE ""
300 4 65 1.17129153366137 -3.15529830306025 1.23334186782185 -2.43986948342087 FALSE ""
300 1 66 1.1713531482725 -3.05035264591753 1.2767891017699 -2.03430688649593 FALSE ""
700 9 67 1.21124452137268 -2.9792260034882 1.22653035286646 -2.06158786607676 FALSE ""
100 12 68 1.0996563370557 -3.44289114837147 0.794402125467622 -2.28669034293012 FALSE ""
200 10 69 0.886433153018142 -2.69782063926574 1.03210018649297 -2.34204726673988 FALSE ""
900 16 70 1.2566889161726 -2.96279548078589 1.47202949282543 -2.29968996360766 FALSE ""
400 4 71 1.32951999447004 -3.2706845592957 1.34007324686838 -2.07795166875722 FALSE ""
600 9 72 NA NA NA NA FALSE ""
200 13 73 1.00714353604422 -2.90990154735244 0.822592554152653 -1.62656661359027 FALSE ""
1000 10 74 1.15646922993177 -2.96190103162993 1.16638782898425 -1.89777670620304 FALSE ""
1000 6 75 1.02544094617742 -2.74434684957477 1.22168288895736 -2.21825015991292 FALSE ""
700 7 76 1.3050940479946 -2.67370149295532 1.53089839426908 -2.05282638656775 FALSE ""
500 12 77 1.05294851588124 -3.11344975490384 1.12806754030478 -2.27588030320531 FALSE ""
900 19 78 1.09178727189352 -3.0753271548765 1.07921769879274 -2.18344592715014 FALSE ""
900 9 79 1.24466856909614 -2.91751790248993 1.26131136651186 -1.88902197963778 FALSE ""
100 14 80 1.1043420267814 -2.26636657265228 1.38639301530146 -1.9350041327614 FALSE ""
500 11 81 1.25834223875157 -3.17262604301652 1.02718110016319 -1.68531649568782 FALSE ""
800 18 82 NA NA NA NA FALSE ""
900 5 83 1.10420782096851 -3.12070304387841 1.23700196866644 -2.34488666932853 FALSE ""
900 15 84 1.24586281225311 -2.88841629224984 1.29877852481403 -1.97284071922315 FALSE ""
800 10 85 1.18289012063066 -2.94980267326695 1.24938720544455 -2.07576873542316 FALSE ""
400 12 86 1.27096421081567 -3.58961156234329 1.1904305556642 -2.35725331401821 FALSE ""
1000 20 87 1.164648548795 -3.19424588146541 1.14947571713775 -2.13748756556919 FALSE ""
200 16 88 11.0889251903661 -1.73069509992079 11.4362737716165 -0.25351935829753 FALSE ""
1000 15 89 1.25021698157236 -2.78801847621697 1.4598717256022 -1.87522462931448 FALSE ""
1000 7 90 1.23450837036867 -2.8636932459165 1.27798212328816 -1.90771383465608 FALSE ""
500 9 91 1.25573506079955 -2.94719744244815 1.13442196777676 -1.61769374051455 FALSE ""
800 16 92 1.1404310600115 -3.29674512748383 1.15126413511622 -2.52630653254381 FALSE ""
900 8 93 1.21771050031829 -3.10570167436832 1.24830653436787 -2.04292260443627 FALSE ""
400 2 94 1.23216943214819 -3.29892032950337 0.961770102820722 -1.91894410973229 FALSE ""
600 19 95 1.09182332519285 -2.70762021662168 1.11023245668091 -1.74615914670396 FALSE ""
800 5 96 1.27075819242724 -2.85694572090975 1.34955674146228 -1.75428449961362 FALSE ""
100 11 97 0.869815664011371 -3.0652242570374 0.896330154584187 -2.74178605134889 FALSE ""
600 7 98 1.18743920984023 -3.47290988262933 1.01165119695665 -2.34548632798049 FALSE ""
400 20 99 1.14440035555743 -3.27313611214929 1.12893450090532 -2.1229471315894 FALSE ""
700 17 100 1.18305609741054 -2.73664882736698 1.31636604782957 -1.82248775290513 FALSE ""
500 10 101 1.14314086249792 -2.770986990221 1.29035026264514 -1.88767573526047 FALSE ""
500 14 102 1.11984548758829 -3.07328813275091 0.810011356535119 -1.72325354026201 FALSE ""
500 15 103 13.0829629064247 -1.58696919621289 13.5434177352253 -0.411100470888077 FALSE ""
500 17 104 1.24435812019743 -2.98672303409463 1.34610611860781 -2.04862665456207 FALSE ""
200 3 105 0.993434554532781 -2.90742103406659 0.844258501629984 -1.59831727590858 FALSE ""
700 2 106 1.30395446215914 -3.27657517342854 1.24472772542066 -1.99368652495912 FALSE ""
800 1 107 1.21215633678718 -2.97001658647926 1.33015747741204 -2.05458406505876 FALSE ""
200 2 108 4.5927616417299 -1.8397842138364 5.02285688951242 -0.569527922152645 FALSE ""
800 4 109 1.3013749436978 -2.69756051630668 1.24174934015288 -1.59353594527917 FALSE ""
800 13 110 1.24472820365253 -2.96814191088845 1.27879267990285 -1.89674777427729 FALSE ""
700 11 111 1.05154027702174 -3.30595783288124 0.992817139786473 -2.11897254611313 FALSE ""
200 9 112 0.780301534232618 -2.48034938123325 0.833464701010496 -1.72241982296351 FALSE ""
200 18 113 NA NA NA NA FALSE ""
300 10 114 1.2861393084663 -3.22103393202695 1.01455466979832 -1.77149866673749 FALSE ""
200 8 115 1.35818189236614 -2.60326097663605 1.43711553503191 -1.66656407902871 FALSE ""
100 16 116 1.42862393330354 -1.98332757798094 1.50314299322827 -0.823226832204467 FALSE ""
1000 2 117 1.2296402038939 -3.21387320479317 1.26228048884249 -1.97606112595879 FALSE ""
1000 16 118 1.28943213062591 -3.13478234887122 1.29315744115091 -1.92758464217576 FALSE ""
700 4 119 1.25611464909903 -2.96800246596749 1.23380118686691 -1.92442192920009 FALSE ""
300 11 120 1.37558064373378 -2.80875294873143 1.32800838909748 -1.55101151313649 FALSE ""
900 12 121 1.21890424410547 -2.93818374770103 1.29149090797127 -2.08049183307453 FALSE ""
800 6 122 1.36277022276068 -3.1246248898495 1.41826311023054 -2.10557449894535 FALSE ""
100 17 123 1.25858729758473 -3.25060150935022 0.76618648912119 -1.54079121595494 FALSE ""
500 20 124 NA NA NA NA FALSE ""
400 15 125 1.29324335132138 -2.78403970899342 1.40556221711786 -1.87901280013094 FALSE ""
100 15 126 1.02895456213441 -4.38975812959557 0.629631383347397 -2.96957652222216 FALSE ""
400 8 127 12.7136636746762 -1.40058416005743 13.2504007944887 -0.504262952131467 FALSE ""
800 9 128 7.6773925810087 -1.56477099895421 8.20654544023646 -0.50150269763959 FALSE ""
900 17 129 1.32313940940209 -2.99393185472837 1.41016392907212 -1.85356171671001 FALSE ""
200 12 130 1.46460367859164 -2.69520756143402 1.3752060750628 -1.15729754863661 FALSE ""
1000 4 131 1.20044651160652 -3.13479323886869 1.10588266425891 -2.0729844327301 FALSE ""
700 13 132 1.25081933599905 -2.9728727957272 1.12638951561505 -1.78745248735287 FALSE ""
300 16 133 1.14928862273816 -3.3625298705018 0.909636100308722 -1.69019936638127 FALSE ""
200 7 134 9.26496879443599 -1.65417831789265 9.57478666424212 -0.1492199645727 FALSE ""
400 14 135 1.07730252731466 -3.19272831048282 1.37248441946662 -2.6599815329011 FALSE ""
300 17 136 0.86178242517444 -3.06242803292838 0.738144052841169 -1.93373604490653 FALSE ""
300 2 137 1.18151178442445 -2.73293132600561 1.24775432565172 -2.02125952548737 FALSE ""
500 5 138 1.24017473810317 -3.03721349164019 1.21076202539475 -1.86297093673741 FALSE ""
1000 17 139 1.15426699624329 -3.11318371018276 1.1235992610555 -1.86734031553691 FALSE ""
900 13 140 1.23107934808307 -2.92240123233225 1.43686172134666 -2.12264579084905 FALSE ""
200 14 141 1.41944007588202 -2.43612744531246 1.83985885769726 -2.07579470165218 FALSE ""
600 6 142 1.17343803598979 -2.75778244161954 1.30660910675803 -1.85190039889607 FALSE ""
300 7 143 1.26526958099038 -3.5643944877243 1.09397217327473 -1.84232589389168 FALSE ""
500 7 144 1.26700673635378 -2.6522584458984 1.21936893314487 -1.64998199694621 FALSE ""
300 13 145 1.14383953954523 -3.19933833467923 1.24080782634962 -2.49024395584962 FALSE ""
300 15 146 1.10916587609472 -2.5702315198846 1.44150415734521 -2.24477682848003 FALSE ""
600 20 147 1.13014368188254 -2.98159533815658 1.27054128231204 -2.2011429664434 FALSE ""
600 10 148 1.2074166282675 -3.26970570676476 1.22762823778492 -2.33030933640469 FALSE ""
600 5 149 1.09722573927901 -2.93665992611987 1.1096502999611 -2.02866466410989 FALSE ""
100 10 150 0.721879324375722 -3.42501710863353 0.137538082061885 -1.90576661817722 FALSE ""
500 16 151 6.00047151624604 -1.40756406238365 6.62189091441121 -0.61818315901993 FALSE ""
400 7 152 4.67467466962463 -1.35705343092318 5.25279370009266 -0.562613869468833 FALSE ""
800 14 153 1.18295713973353 -3.21555070187687 1.22694736107601 -2.22012104198754 FALSE ""
700 14 154 1.22438722685185 -3.30121891306321 0.992689391136591 -1.76336951123852 FALSE ""
500 1 155 1.13194606343003 -2.49176968625536 1.31850222698166 -1.93866422530961 FALSE ""
1000 12 156 1.15356335158551 -3.26414851791355 1.08894406030527 -2.24552310153671 FALSE ""
400 10 157 4.59744405340506 -1.51007685260991 4.99985914955083 -0.391809946232935 FALSE ""
800 19 158 1.17309943273537 -2.93864621282081 1.17957534741516 -1.81449874042303 FALSE ""
800 12 159 1.16762517073898 -2.57591932168942 1.25190324464405 -1.68526736583468 FALSE ""
900 6 160 1.3055045694587 -2.82758531680531 1.47549080996743 -1.9564567863942 FALSE ""
300 6 161 0.819243957497196 -3.38949464715348 0.487919209911183 -2.05613778256807 FALSE ""
100 13 162 NA NA NA NA FALSE ""
200 6 163 1.0999738555023 -2.53382787210376 0.970552176089287 -1.19109352282318 FALSE ""
400 16 164 1.18448234373317 -3.24567507982492 1.04869490131583 -1.8883593500702 FALSE ""
100 1 165 1.15737613309524 -3.86009277365252 0.800033158391892 -2.60486996496331 FALSE ""
500 18 166 1.23075338066858 -2.9600420215301 1.36547414420972 -2.13786019886514 FALSE ""
300 14 167 NA NA NA NA FALSE ""
700 20 168 1.19494262021953 -3.2728117475575 1.1171242912552 -2.00042823094758 FALSE ""
300 18 169 1.22674337881959 -2.91057366038278 1.55097353700953 -2.42117282466794 FALSE ""
200 4 170 3.58812500026681 -1.62388159204716 4.02342122741754 -0.435440769535127 FALSE ""
800 11 171 1.34045885624857 -2.78263627314139 1.27824418896375 -1.55796242248503 FALSE ""
400 1 172 1.13861245409573 -2.9761169917007 1.17176287100996 -2.17499121115433 FALSE ""
700 15 173 1.2882332000946 -3.10499680204024 1.2996074578923 -2.05130436940216 FALSE ""
900 4 174 12.5436475043251 -1.44529458123332 13.0781442120284 -0.496453721271738 FALSE ""
500 19 175 1.18593513033999 -3.24160481167041 0.855499767412417 -1.56794661264871 FALSE ""
200 19 176 1.15514473513141 -3.08079726160241 1.02596994296921 -1.43782684641003 FALSE ""
700 18 177 11.6946698790153 -1.54937117582532 12.2068098922601 -0.454351860852672 FALSE ""
900 20 178 1.10733055156969 -2.96783828476915 1.1815404928776 -2.04618491890647 FALSE ""
1000 11 179 1.25204911462378 -2.92725788493835 1.478944087314 -2.0710426620951 FALSE ""
100 19 180 0.976745001785289 -2.59633389602966 1.36442209844228 -2.39004319044126 FALSE ""
100 6 181 NA NA NA NA FALSE ""
900 7 182 1.04847323588888 -3.07329329009578 0.996623149767238 -2.05256118085504 FALSE ""
100 18 183 NA NA NA NA FALSE ""
1000 5 184 1.37050004986457 -2.80026158750391 1.63715694900985 -2.08804295564617 FALSE ""
600 14 185 1.11715478815328 -3.07507768694919 1.10555865405485 -1.99809067969607 FALSE ""
100 4 186 NA NA NA NA FALSE ""
700 12 187 1.14608397215534 -3.2086220543671 1.21799985002479 -2.34706364222054 FALSE ""
100 5 188 12.1065808536402 -1.36442144743184 12.8515425426846 -0.694323497310149 FALSE ""
500 2 189 1.10393192469333 -3.28986571723887 0.677958583377848 -1.51356512856091 FALSE ""
900 2 190 1.33335668827014 -3.56963551253715 1.26709419002755 -2.04097917200089 FALSE ""
700 16 191 1.07380203515828 -3.57437758655066 0.919991652796534 -2.54691850281583 FALSE ""
700 10 192 NA NA NA NA FALSE ""
600 13 193 1.22934666214747 -3.03104498901146 1.16612751751999 -1.84332109439976 FALSE ""
200 17 194 1.32740455510686 -3.60239484453844 1.32997149570348 -2.25993416209377 FALSE ""
1000 1 195 1.12108089147064 -2.69214769309665 1.22674307954949 -1.82827448141156 FALSE ""
1000 13 196 1.23525551058242 -2.79330758462832 1.44578415689089 -1.85040371392122 FALSE ""
100 7 197 NA NA NA NA FALSE ""
1000 3 198 1.45065954888911 -2.36729094887854 1.70186232074219 -1.59117234443352 FALSE ""
1000 14 199 1.29411412269468 -2.96128272516867 1.4818507548788 -2.06019332180958 FALSE ""
100 9 200 1.12149809227636 -3.36470297944315 1.12439132681712 -1.94136822236631 FALSE ""
