"n" "rep" "id" "b0_mu_hat" "b1_mu_hat" "g0_si_hat" "g1_si_hat" "error" "errorMessage"
600 69 1 1.43423281106604 -3.08760925681367 1.39160931185908 -1.93958608773626 FALSE ""
200 99 2 1.32687791050767 -2.64621898997751 1.66518779474167 -1.96931632997437 FALSE ""
600 99 3 1.11144972049697 -3.43007760978506 1.21781368128447 -2.61388889307871 FALSE ""
200 71 4 1.33265853205817 -2.78594675504478 1.27943169720108 -1.49992659058398 FALSE ""
100 41 5 5.75182078483544 -1.39743814231721 6.40696838561581 -0.768648415843692 FALSE ""
300 54 6 4.05222333324487 -1.59835936985989 4.52499863709922 -0.572996501144928 FALSE ""
800 56 7 0.96969503540693 -2.82723086580903 1.09976391465735 -2.20337511704224 FALSE ""
800 37 8 1.19861068881899 -2.71604627516496 1.44712411332516 -2.01933968505466 FALSE ""
700 8 9 1.26836956005739 -2.68028838308621 1.31295618286285 -1.76282053910781 FALSE ""
800 99 10 1.05939317382165 -2.97152257268382 1.1313140472429 -2.02220283975704 FALSE ""
800 46 11 1.36398029763393 -3.03505216043636 1.36314469160914 -2.01637890494216 FALSE ""
50 18 12 NA NA NA NA FALSE ""
500 51 13 1.33592656897584 -3.36054900228398 1.5890461514171 -3.0260272115921 FALSE ""
400 80 14 1.27257778511327 -2.91571424625376 1.21896111373591 -1.70482188998746 FALSE ""
50 6 15 3.70543358491849 -1.8206291698392 3.97810618432172 -0.459804214430066 FALSE ""
700 12 16 1.32159872247298 -3.00843185466201 1.51594271383076 -2.27968453173877 FALSE ""
1000 48 17 1.13437498429347 -2.71900259217591 1.29660937571749 -2.22975028493223 FALSE ""
200 77 18 1.08178090101595 -3.58752683751318 1.55571193734164 -3.53498313959143 FALSE ""
800 79 19 1.18231008082663 -3.56496706035211 0.992795448568043 -2.10056598240862 FALSE ""
1000 2 20 1.21321961809855 -2.82448931406161 1.35470928706004 -1.96000853548976 FALSE ""
300 46 21 NA NA NA NA FALSE ""
50 30 22 NA NA NA NA FALSE ""
200 63 23 0.889300057190006 -3.25704514273457 1.0739586175597 -3.11386063415702 FALSE ""
300 36 24 NA NA NA NA FALSE ""
900 12 25 1.31473933234115 -2.97052733453588 1.53824160558026 -2.23486001756776 FALSE ""
1000 49 26 1.10390974796302 -3.04784769355582 1.09977184746311 -2.03673918757594 FALSE ""
800 54 27 1.28701935538594 -2.82965642087658 1.51008009105479 -1.94934679187359 FALSE ""
600 4 28 1.20787276742539 -3.53924582173179 1.25455224821367 -2.61455176589945 FALSE ""
600 39 29 1.10772828347366 -2.29732580491567 1.43092863567963 -1.72248058542999 FALSE ""
400 56 30 NA NA NA NA FALSE ""
400 8 31 8.61113802164393 -1.60433205816789 9.06658808022562 -0.418483172509619 FALSE ""
50 1 32 NA NA NA NA FALSE ""
300 40 33 1.21357058190842 -2.70363366554924 1.31412654242874 -1.92623437843222 FALSE ""
200 4 34 NA NA NA NA FALSE ""
500 34 35 1.32633917885446 -2.79990742921337 1.55357060788993 -2.09439161322255 FALSE ""
50 89 36 0.971730908057542 -2.31276824339694 0.816357032094205 -1.25360082162379 FALSE ""
50 58 37 5.30230312407647 -1.18984153323806 5.61684322437229 -0.154458598684475 FALSE ""
50 35 38 NA NA NA NA FALSE ""
300 61 39 1.18163257800689 -3.21062525251748 0.812645650751848 -1.49917367443751 FALSE ""
200 84 40 1.24126807675749 -3.24586785310348 1.37030467865768 -2.27231652681377 FALSE ""
600 9 41 1.30295936652922 -2.96728530033004 1.41226658740003 -1.80027060765091 FALSE ""
400 33 42 11.8721465330013 -1.53258736641901 12.3574462859348 -0.432233929442188 FALSE ""
200 8 43 1.33719543465295 -3.22339593052909 0.949551968513087 -1.23637394542965 FALSE ""
100 1 44 1.45916322657095 -2.77673185160141 1.50099147014647 -1.66256592114672 FALSE ""
200 95 45 4.15725191810874 -1.74666452629582 4.8074555245067 -0.769510836209537 FALSE ""
800 34 46 1.25200004272292 -2.73641729760026 1.3430927158307 -1.64390335613333 FALSE ""
400 19 47 1.20592241415759 -3.85289220661847 1.02961684395003 -2.16074454247698 FALSE ""
800 47 48 1.32220805837917 -2.9682380560717 1.30588999882249 -1.78154009431255 FALSE ""
100 49 49 NA NA NA NA FALSE ""
800 84 50 1.22800932976206 -2.70090857281677 1.36064738867954 -1.95229482088055 FALSE ""
500 10 51 6.48629712508969 -1.48597593656784 6.95586405154945 -0.443500478146024 FALSE ""
100 11 52 0.684185290648591 -2.69691975543695 0.900814145420134 -2.13703155967502 FALSE ""
500 48 53 1.19687743310798 -2.66024370958509 1.21159586661334 -1.71251504176995 FALSE ""
100 86 54 1.00379361552366 -2.76893581467579 1.26762607905286 -1.97494794010193 FALSE ""
900 79 55 1.24246083424871 -2.89194875325299 1.38094744891205 -2.06567794944536 FALSE ""
300 16 56 1.05397629121754 -2.99068447362404 1.00580514075682 -1.68491995224901 FALSE ""
600 79 57 3.92611759962724 -1.75969935300733 4.24548014738678 -0.35017292398631 FALSE ""
400 83 58 0.768676965278899 -3.73525033429611 0.746096102713023 -2.85776605639042 FALSE ""
800 23 59 1.08250262341589 -2.72314665208218 1.24308221217994 -2.05413092824339 FALSE ""
500 26 60 NA NA NA NA FALSE ""
100 21 61 0.926101333926486 -2.69411381660255 0.971935597197927 -1.91712872685 FALSE ""
600 68 62 NA NA NA NA FALSE ""
50 87 63 1.23679446451542 -2.66159061443656 0.741225831180082 -1.12771671935237 FALSE ""
1000 33 64 1.12368778644313 -2.99674642530333 1.37645760871145 -2.34660127287769 FALSE ""
900 62 65 1.18823169540281 -2.81408362543767 1.21773835145895 -1.93509536487948 FALSE ""
200 17 66 0.983733793068559 -2.86735953704379 1.55102006124956 -3.09764908771211 FALSE ""
1000 68 67 1.19861534744982 -2.73417264264357 1.31201298706809 -1.93308610788098 FALSE ""
800 28 68 1.27415367820295 -2.81771799125841 1.6519049514989 -2.2176077383486 FALSE ""
900 99 69 1.19729062663059 -3.22748058702494 1.17359107801009 -1.89127134578016 FALSE ""
900 72 70 1.16088951490366 -3.16068845033887 1.30086655921272 -2.31689976476662 FALSE ""
200 83 71 1.07018851474969 -3.13223890660526 1.25979500016796 -2.49627807929561 FALSE ""
400 44 72 1.26005795244252 -2.67301864493103 1.28243811716618 -1.7047619734674 FALSE ""
400 58 73 1.29865364450562 -2.98337139961505 1.58473323889275 -2.34455093117221 FALSE ""
50 71 74 1.14760655670666 -4.41716625409638 1.06048586869493 -4.07730473167109 FALSE ""
1000 84 75 7.45950966685117 -1.58094931315724 7.904052105194 -0.392628019753985 FALSE ""
600 41 76 1.07861952915558 -2.77842268042399 1.37448426237745 -2.25825462260477 FALSE ""
100 45 77 1.08441683494045 -2.36734340979014 1.30477359838866 -1.65063551902872 FALSE ""
500 1 78 1.23706390698772 -2.738574349282 1.38867628133005 -2.0429258099645 FALSE ""
800 41 79 1.39849101034945 -2.85877059239802 1.50887905632618 -1.74258973767964 FALSE ""
200 48 80 1.39945502821031 -2.98656662398746 1.90375051956263 -2.57293669011754 FALSE ""
100 94 81 2.62429189696601 -2.29656291505414 3.43257866048871 -1.3991585152773 FALSE ""
100 2 82 1.04148508853201 -2.85007319386785 1.36856107366824 -2.64948733334636 FALSE ""
700 27 83 1.22072629876296 -2.77965650169765 1.42150247053362 -1.99384989401216 FALSE ""
600 52 84 1.11456093768477 -3.25701458403651 0.998822566759537 -2.02116022811668 FALSE ""
50 94 85 0.935848576452379 -2.42742633857696 1.26660964510912 -2.08821229472254 FALSE ""
50 34 86 NA NA NA NA FALSE ""
200 67 87 1.11516607757956 -2.60259218314776 0.849163467517607 -1.32699383818772 FALSE ""
300 97 88 0.837468555495981 -3.40397175399624 0.688853543018971 -2.50285090635191 FALSE ""
800 38 89 1.16387369573569 -3.00049036857395 1.23254485058496 -2.25882193609531 FALSE ""
100 44 90 1.0467094135881 -2.98094168727094 1.18539779400078 -3.7808117290087 FALSE ""
900 49 91 1.31199235425289 -2.56703229473314 1.55495682253436 -1.8320219054403 FALSE ""
400 96 92 1.23619194219072 -2.83007700171788 1.4878828868917 -1.94122806778804 FALSE ""
800 17 93 1.29842614275889 -2.68047572692948 1.46168055771889 -1.98581932785989 FALSE ""
500 87 94 NA NA NA NA FALSE ""
50 77 95 NA NA NA NA FALSE ""
50 44 96 1.61434444536502 -3.29086049890475 1.12698791621763 -1.04539328291318 FALSE ""
500 8 97 9.36614454635317 -1.51651224129014 9.85208087553366 -0.424369468374625 FALSE ""
900 20 98 1.0214103586371 -3.26541514109676 0.928523016343528 -2.01524529420531 FALSE ""
500 49 99 0.9760001100023 -2.90720597745443 1.00754509645263 -2.41998989050663 FALSE ""
300 34 100 1.01528068307109 -2.91710905377013 1.05103984727425 -1.96450695130146 FALSE ""
800 70 101 1.19377008654931 -2.98818842024891 1.22825425085974 -2.00098898811512 FALSE ""
400 2 102 1.08938240117909 -2.84842895137701 1.0246619679491 -1.42742945472063 FALSE ""
700 22 103 1.21137161035262 -2.91620835602468 1.09147175068498 -1.78511251867494 FALSE ""
100 32 104 1.25247111284948 -2.79894623433347 1.45742061969031 -2.13155792937175 FALSE ""
100 10 105 NA NA NA NA FALSE ""
1000 43 106 NA NA NA NA FALSE ""
100 60 107 1.1286671028615 -5.03367638496233 0.78436445624649 -3.97998259749136 FALSE ""
100 82 108 1.10293727781703 -2.79323392180353 1.31845748312604 -1.72180777083831 FALSE ""
400 81 109 1.24730357860253 -3.50036911581999 1.14400384617755 -2.41740306161082 FALSE ""
200 66 110 1.12463023437262 -3.26397016865541 0.896953547305661 -1.99851265281121 FALSE ""
500 41 111 1.12370326420638 -2.94323185228313 1.28732424415493 -2.37068416160164 FALSE ""
500 56 112 1.2580725128922 -2.97055343901453 1.50396560157038 -2.1518594365997 FALSE ""
900 28 113 NA NA NA NA FALSE ""
1000 20 114 NA NA NA NA FALSE ""
600 65 115 NA NA NA NA FALSE ""
800 90 116 1.16327631879213 -2.83660367402345 1.14413698132754 -1.75710685517705 FALSE ""
400 77 117 1.24441568159076 -2.92134643573757 1.08037992455739 -1.36214870482628 FALSE ""
600 21 118 NA NA NA NA FALSE ""
700 20 119 6.44818255471936 -1.76754495798255 6.83398593701491 -0.314664534184049 FALSE ""
100 24 120 1.24396751653946 -3.5725836532042 1.14736715063582 -2.2487750176518 FALSE ""
50 36 121 NA NA NA NA FALSE ""
300 24 122 1.44326978834083 -3.08155593461254 1.41193466305036 -1.85595558899189 FALSE ""
1000 30 123 1.27515643049788 -2.86081827875209 1.42544469927031 -2.07967551754537 FALSE ""
500 12 124 1.2331738398751 -3.29685091338097 1.30239524229936 -2.34387142854183 FALSE ""
900 98 125 1.3126936592221 -3.06387936708572 1.2263892341067 -1.75971367136012 FALSE ""
300 60 126 1.04905568041816 -2.72353141419913 1.24379289398338 -2.08101448509518 FALSE ""
400 94 127 1.23094855721896 -2.83886663268426 1.28106906925454 -1.94241439967624 FALSE ""
200 73 128 1.34156894797792 -3.78089362135965 0.89161224653982 -1.49088756031582 FALSE ""
500 74 129 1.26267494184066 -3.35966334719004 1.41546857305854 -2.40753898689551 FALSE ""
1000 40 130 1.19541095458949 -2.94888006024134 1.12098905747396 -1.75043606137308 FALSE ""
500 4 131 1.20387294603562 -3.09097465175271 1.34476954450681 -2.15220883900469 FALSE ""
700 95 132 1.21876818414388 -3.02044383568825 1.1696988212976 -2.05090800814324 FALSE ""
600 93 133 1.18950989984024 -2.95812290350614 1.26614628827922 -2.16902600571442 FALSE ""
500 11 134 1.27814275205952 -2.97609629547987 1.39845743153244 -2.29185997080073 FALSE ""
50 45 135 NA NA NA NA FALSE ""
900 36 136 1.0491269380877 -3.05926433704433 1.08638692234942 -2.00504162111505 FALSE ""
100 87 137 1.54522078874481 -2.69581229393505 1.95191942164721 -1.99215916798866 FALSE ""
500 59 138 3.17304615591994 -1.71163978364994 3.67092204495154 -0.684374202530082 FALSE ""
200 28 139 0.887760430998664 -2.67260225147054 1.24030532491999 -2.33995516422074 FALSE ""
500 84 140 1.25655358049262 -2.90976606560185 1.30665399240386 -1.68016944949405 FALSE ""
600 29 141 NA NA NA NA FALSE ""
100 64 142 1.25257088494488 -2.32537757652097 1.40423521494675 -1.24404893665184 FALSE ""
900 74 143 1.34520669364126 -2.82810382529393 1.27875665536361 -1.52228229423836 FALSE ""
800 63 144 13.4981937669464 -1.53076309438898 13.9539693870117 -0.393466630204811 FALSE ""
600 61 145 7.97692968995544 -1.4968231516166 8.45299773354724 -0.429723529422763 FALSE ""
900 71 146 1.26734737453988 -2.9634509211819 1.40520327100181 -2.27472311982313 FALSE ""
100 46 147 1.22784886827425 -2.33431275130634 1.57753804178261 -1.88326974120604 FALSE ""
50 38 148 0.802534479384276 -1.36334117771789 1.44485159902149 -1.83136966026658 FALSE ""
400 59 149 1.2331349821541 -3.03261085925247 1.15259327579691 -1.75183201928467 FALSE ""
500 93 150 1.18534221510375 -2.73683775346601 1.36080285206474 -2.05069459817773 FALSE ""
200 3 151 1.29146018024073 -3.30003882405349 1.24647795715081 -2.15800056722888 FALSE ""
900 78 152 1.06602198065056 -2.81669647106315 1.14683605455741 -1.75950111495487 FALSE ""
400 99 153 NA NA NA NA FALSE ""
900 3 154 1.0733661428931 -2.806221557475 1.20335257225081 -1.97409370151999 FALSE ""
100 78 155 NA NA NA NA FALSE ""
100 36 156 0.794620761739838 -4.38473946287463 0.359812675254568 -2.85459442158113 FALSE ""
100 83 157 0.986160419720034 -2.85081752025924 1.23123221077899 -2.9762722155199 FALSE ""
200 47 158 1.11820758150981 -2.9441690569179 1.22649309590256 -1.98826896353329 FALSE ""
50 5 159 3.14079277927952 -1.9852046182703 3.30269368491096 -0.448505393098243 FALSE ""
400 95 160 12.1395264949162 -1.48999687139608 12.6064200412542 -0.395281431808247 FALSE ""
700 76 161 1.15422625719673 -3.18730157236237 1.21704503978501 -2.42025736882372 FALSE ""
900 26 162 1.28572686303505 -3.13652165314516 1.34522249412238 -1.97175768747017 FALSE ""
600 57 163 0.982315151935171 -2.89870959704727 1.25644922268011 -2.47234726557814 FALSE ""
300 44 164 1.03307012014379 -3.17952613881467 1.13108985795547 -2.27894612542103 FALSE ""
50 19 165 1.19816955603109 -3.78380319465736 0.331461795068905 -0.931580274436307 FALSE ""
600 17 166 NA NA NA NA FALSE ""
700 19 167 1.14924401702934 -3.01143464835862 1.12563884239091 -2.17088627445208 FALSE ""
400 74 168 1.2154944570814 -2.70053623985928 1.23337314471973 -1.72774965084988 FALSE ""
500 94 169 NA NA NA NA FALSE ""
200 61 170 1.31070247961571 -3.0321480691075 1.42296907979749 -1.8640250758498 FALSE ""
300 59 171 1.09904124768687 -3.41770774130805 0.771030185505008 -1.87606051383049 FALSE ""
300 25 172 0.977687873749229 -3.03842603189069 0.967821670092019 -2.53030599947479 FALSE ""
400 55 173 9.79882631775552 -1.38416849574603 10.3842385378886 -0.56630081762522 FALSE ""
600 12 174 1.09000959720197 -3.05485027718155 1.03337017775023 -2.04848742906295 FALSE ""
400 51 175 1.20479033934128 -3.02699289152565 0.985730574646401 -1.57826377547142 FALSE ""
500 71 176 1.12728894323672 -3.3572235855351 1.1610566565276 -2.5809822991227 FALSE ""
300 80 177 1.15924026351201 -3.30368476545462 1.67129102524874 -3.25167477697807 FALSE ""
600 20 178 1.24000184737117 -3.35625582929752 1.42364179166125 -2.41458145594994 FALSE ""
900 55 179 1.24179371024059 -2.75382242425412 1.38035450297034 -1.73020421408854 FALSE ""
600 58 180 1.34989936452502 -2.74072264598822 1.23064045986997 -1.34142010236712 FALSE ""
500 60 181 1.30934310806703 -3.12882189775955 1.30651752062647 -2.2265589664708 FALSE ""
700 42 182 1.24021925002247 -3.11133763595321 1.03246444040343 -1.6032374775952 FALSE ""
400 21 183 3.6253223682153 -1.59054125669523 4.09853673940627 -0.631041767951082 FALSE ""
800 72 184 1.11773309359308 -2.93093452798062 1.1534311661548 -2.17783118550587 FALSE ""
50 65 185 1.17732545264805 -3.42800334185294 0.698337367585608 -1.97450440224774 FALSE ""
800 42 186 1.35422316005392 -2.7239817810185 1.56696709225992 -1.80821972035474 FALSE ""
700 3 187 NA NA NA NA FALSE ""
900 82 188 1.18452175151246 -3.04827988943843 1.20156018999801 -2.08016449986745 FALSE ""
50 97 189 1.04997634477648 -2.4031611371986 1.01641631659693 -1.91933634446341 FALSE ""
1000 22 190 1.26366236190828 -3.01146385523946 1.42027087621749 -1.9982816065772 FALSE ""
400 27 191 1.18294527022798 -2.89780622690899 1.374429578982 -2.06115728805713 FALSE ""
400 35 192 NA NA NA NA FALSE ""
700 28 193 1.16791889538794 -2.68063869914907 1.2608651118372 -1.7920684525896 FALSE ""
200 85 194 NA NA NA NA FALSE ""
200 68 195 NA NA NA NA FALSE ""
100 40 196 1.26485135219441 -1.86683953109646 1.46513071761233 -1.23377309119381 FALSE ""
600 70 197 1.15537709099379 -3.21477021707067 1.47001472189819 -2.62163167728891 FALSE ""
800 10 198 1.15895896542331 -2.74934859275394 1.18729278996211 -1.85380546196751 FALSE ""
400 31 199 1.21319850032572 -3.12289865455626 1.3458664277648 -2.20477405101692 FALSE ""
200 40 200 NA NA NA NA FALSE ""
400 36 201 1.02988473109881 -3.06805078237488 1.22080644403227 -2.68248438075224 FALSE ""
900 34 202 1.13998051561376 -3.06722326136138 1.30910594273788 -2.24948401197301 FALSE ""
1000 61 203 1.26640180377277 -2.71313336807664 1.48671754394655 -1.91995137531979 FALSE ""
600 6 204 1.11981026367069 -3.5136866134728 1.01608511665905 -2.29581163184487 FALSE ""
200 44 205 1.24811547588318 -3.04644513225305 1.30726661699921 -2.21230985153744 FALSE ""
700 84 206 1.08436088783086 -3.05675918701701 1.09730408861465 -2.18606933089087 FALSE ""
600 62 207 1.2163866564516 -2.89896723494783 1.19501699154152 -1.91270986920803 FALSE ""
900 67 208 1.23526132633595 -2.6151915394822 1.44847140358947 -1.86848467847566 FALSE ""
50 49 209 NA NA NA NA FALSE ""
300 58 210 1.27868011179192 -3.13896768693874 1.05730361246556 -1.8456204193632 FALSE ""
700 16 211 NA NA NA NA FALSE ""
50 16 212 NA NA NA NA FALSE ""
300 37 213 0.972248004406007 -3.11403171730931 0.877848991708977 -1.84895601475183 FALSE ""
200 91 214 0.945239699819507 -2.70433596690719 0.842483594627017 -1.39927129367296 FALSE ""
800 58 215 1.32418331413923 -2.98565082569923 1.45851093024373 -2.04457413101839 FALSE ""
400 40 216 1.2005433595379 -2.80615278887706 1.6001686426688 -2.38209779975732 FALSE ""
100 5 217 1.01609817605133 -3.12331992784218 0.992768738597786 -2.11292445420312 FALSE ""
700 62 218 1.1201318414927 -3.25071188662878 1.18167059498126 -2.34600553280723 FALSE ""
700 56 219 1.35599593621227 -3.27562132322785 1.59188766703795 -2.49683516449439 FALSE ""
400 1 220 1.03547182122712 -3.1979484701829 0.777973039784009 -1.74575948348671 FALSE ""
600 86 221 1.20068737316695 -2.84074022184908 1.24888685029923 -1.90512031605428 FALSE ""
700 88 222 NA NA NA NA FALSE ""
800 71 223 1.19484857138985 -2.90165331526237 1.28193528475479 -1.87863185652304 FALSE ""
700 21 224 1.32025379195283 -2.83549924976833 1.63981112976263 -2.10476609254719 FALSE ""
500 98 225 1.25709983448373 -3.39135953336392 1.24823117474141 -2.10028597936032 FALSE ""
800 14 226 1.27900858923113 -2.62469095173222 1.40149874371842 -1.69096049888375 FALSE ""
500 90 227 NA NA NA NA FALSE ""
700 67 228 1.27052494479247 -2.89805710251791 1.40504184601555 -1.96290416430414 FALSE ""
50 75 229 1.18168658447368 -2.51351323473588 1.56807142942301 -2.06012998165118 FALSE ""
200 79 230 1.31840506678247 -2.64791487780113 1.62413136821001 -2.03882491639667 FALSE ""
700 83 231 1.08952288516327 -2.72597024808848 1.20927693304488 -1.75215150138949 FALSE ""
600 33 232 NA NA NA NA FALSE ""
400 89 233 1.33778241756674 -2.9340933856358 1.40299839738904 -1.78986794429498 FALSE ""
600 96 234 1.22323343329943 -3.16363397490222 1.38757083906352 -2.33275083015148 FALSE ""
100 50 235 1.23340045721034 -2.54054613678972 1.18688440281878 -1.57876242631371 FALSE ""
100 92 236 1.09090803913139 -3.13034658042052 1.10017097361199 -2.34466777108997 FALSE ""
1000 74 237 1.05211913305301 -2.6105515271068 1.26693397574934 -2.22352126774521 FALSE ""
600 81 238 1.24050619108577 -2.7542651867113 1.4776803005924 -2.05252442522292 FALSE ""
100 57 239 1.02212121588071 -2.90135393420953 1.43514530863465 -3.05064487542344 FALSE ""
800 33 240 6.90896724416179 -1.58896404032394 7.42403985053459 -0.469152430505594 FALSE ""
300 27 241 1.29950643346805 -3.00326792609755 1.11294900318938 -1.50685766601363 FALSE ""
400 29 242 1.2750309570438 -2.60877817380205 1.603926853007 -2.03040653219995 FALSE ""
400 50 243 1.10733357986165 -3.33307780988733 0.948247098870722 -1.96577644453188 FALSE ""
100 39 244 NA NA NA NA FALSE ""
900 35 245 1.22276552296701 -2.84387276233171 1.29130898800524 -1.68982352522185 FALSE ""
800 2 246 1.19303096235467 -3.02611340183114 1.31047818184658 -2.11278164936588 FALSE ""
300 41 247 5.84244549478338 -1.53386243046302 6.36994275681695 -0.48089709702098 FALSE ""
50 84 248 NA NA NA NA FALSE ""
800 43 249 1.22789536742589 -3.01981741179103 1.12368214038198 -1.96847919940384 FALSE ""
500 24 250 1.12768399260649 -2.72595054004392 1.54918564293924 -2.47677692349376 FALSE ""
900 16 251 1.1405484092926 -2.92904981528864 1.09292605222624 -1.90849347721401 FALSE ""
100 72 252 1.34228307426879 -3.66181686001371 1.14201982518907 -2.14905039459572 FALSE ""
700 36 253 1.25453758984557 -2.92801987003744 1.50800532146935 -2.37178342735971 FALSE ""
800 8 254 1.10776513087741 -2.97727785341595 1.10868768858219 -2.03879819031353 FALSE ""
300 78 255 1.1209351920594 -2.57882904922239 1.22726220572302 -1.69831569962775 FALSE ""
200 7 256 1.22227972158905 -3.34912076058714 1.27687343718196 -2.45216644793547 FALSE ""
200 100 257 27.1602516160494 -1.6242225381887e-14 27.9381867663549 -9.1120790693775e-15 FALSE ""
1000 24 258 1.25816052250967 -2.65715963174425 1.50954150904189 -1.96612727247868 FALSE ""
700 47 259 1.22268792169829 -3.09535466254132 1.30954501614054 -2.12210820665261 FALSE ""
200 21 260 NA NA NA NA FALSE ""
800 83 261 1.22786431051598 -2.75524968383213 1.37746453975538 -1.96503832186363 FALSE ""
600 36 262 NA NA NA NA FALSE ""
200 10 263 1.41733652722936 -4.3142247743102 0.951524039813749 -2.18621951899022 FALSE ""
200 37 264 1.00980844263514 -3.04812611370948 1.02209418671579 -2.26608783558197 FALSE ""
200 43 265 12.6408738824412 -1.78402268166417 13.182605586398 -0.526290567964361 FALSE ""
1000 16 266 1.24881893943568 -2.68638608297458 1.3577443212788 -1.85094453303257 FALSE ""
400 20 267 1.174283753584 -2.7928706151163 1.22181633816882 -2.10366515849861 FALSE ""
100 43 268 1.18443017612785 -2.92436296136735 0.896520566972243 -1.24434480359343 FALSE ""
800 88 269 1.020052301578 -2.85670975692297 1.27729776310813 -2.35428270107227 FALSE ""
900 85 270 5.52427626198998 -1.56434656202119 6.03673826147283 -0.533606161404447 FALSE ""
300 45 271 1.07432121926233 -3.27409381918734 0.75298893254289 -1.68233888623031 FALSE ""
600 2 272 1.1357816849245 -2.75195045514549 1.34762677127097 -1.94878796195434 FALSE ""
400 43 273 1.11076146321514 -2.80670283349464 1.21353458709079 -2.05638888246202 FALSE ""
900 50 274 1.13473714809731 -3.26403683824263 0.709884550945098 -1.66326167688803 FALSE ""
200 97 275 NA NA NA NA FALSE ""
500 63 276 11.1992902632158 -1.76833750043981 11.5453508520893 -0.280799063126646 FALSE ""
600 91 277 1.05847437552676 -2.86684353443432 1.5326109910257 -2.48491390980511 FALSE ""
1000 64 278 4.19534030945777 -1.55552267620203 4.77353316478637 -0.630794971611929 FALSE ""
300 65 279 1.25365503198054 -2.82885036126118 1.28172660487755 -1.79782327591408 FALSE ""
700 51 280 1.29538932391143 -3.04215737257502 1.14360706997476 -1.61924722764323 FALSE ""
900 5 281 1.19111936892707 -3.33155539983114 1.25002441180905 -2.32367935157863 FALSE ""
1000 67 282 1.2222249887454 -2.82276224976245 1.45193403047788 -1.97289216965601 FALSE ""
500 69 283 1.05020130693162 -3.25986956161603 1.02099419921626 -2.28822714243287 FALSE ""
900 23 284 1.21694702858028 -2.99852216363101 1.30923266500669 -1.99599774804345 FALSE ""
500 21 285 1.31419665036027 -2.9363241899372 1.5349423195134 -2.2128318930921 FALSE ""
50 82 286 1.14512019697364 -4.35500071902914 0.509739380800061 -2.02752951683557 FALSE ""
700 91 287 1.12274305455472 -3.02057598296294 1.12935171435875 -1.85979853074888 FALSE ""
900 86 288 1.24661172307657 -2.77531461756414 1.32682847566656 -1.76830858250027 FALSE ""
100 76 289 6.25916107297105 -1.64920003491858 6.58908773862195 -0.164059178962349 FALSE ""
300 18 290 1.21917086084416 -2.49426784206079 1.29486709472512 -1.61506049963996 FALSE ""
200 18 291 1.17906819328873 -2.20362261809346 1.57257426710285 -1.8096031898025 FALSE ""
200 65 292 1.10191562651807 -2.67810169249104 1.19910087852435 -1.94337639564948 FALSE ""
100 93 293 1.32776939614328 -2.80058707005467 1.75446996021471 -1.83705992811196 FALSE ""
600 11 294 1.17785718467349 -2.92530133099825 1.44824197881062 -2.34508658965585 FALSE ""
500 92 295 1.28649870905845 -3.15282673801673 1.33717480739143 -2.11934568926642 FALSE ""
700 43 296 NA NA NA NA FALSE ""
1000 98 297 1.14275605359309 -2.85477474696749 1.22902039521295 -1.98494829652127 FALSE ""
300 10 298 1.11337799147983 -2.89447829301349 1.28059903080445 -2.08423369438384 FALSE ""
300 91 299 1.08361126732905 -2.83599816361696 1.0969889359254 -1.9659833868473 FALSE ""
400 87 300 0.913944559047099 -2.93413363350224 1.01662783090103 -2.10836252371817 FALSE ""
400 6 301 1.28972776740822 -2.70403191202528 1.27696153418988 -1.68200240754386 FALSE ""
300 70 302 0.88983523633886 -2.83999742481477 0.763618468949367 -1.81767498923406 FALSE ""
50 80 303 0.813598986587804 -2.65080751533555 0.709613811316221 -1.91390336111491 FALSE ""
50 50 304 NA NA NA NA FALSE ""
700 10 305 1.11553459190195 -3.0895150500987 1.13873044642491 -2.06895476303696 FALSE ""
700 94 306 4.13753762338265 -1.66690839171051 4.69041914151883 -0.659405737319334 FALSE ""
700 97 307 12.7923315699552 -1.37220215057319 13.2913236758173 -0.426636514727897 FALSE ""
100 71 308 NA NA NA NA FALSE ""
50 13 309 NA NA NA NA FALSE ""
400 60 310 1.09518447891811 -2.97360916243058 1.08279805603163 -2.02688835439223 FALSE ""
800 85 311 1.26802965584672 -2.65099719881254 1.23533774217119 -1.86004285231406 FALSE ""
200 72 312 1.09837570829081 -2.61355215011549 1.5082510248792 -2.52181840167789 FALSE ""
100 55 313 3.05583132321331 -1.47840806635027 3.82736224032134 -1.07892274182394 FALSE ""
50 26 314 0.548139327805742 -2.17318027647692 0.359688009144418 -1.31493978206273 FALSE ""
100 17 315 1.16758158230576 -2.83734887333328 1.62591244304401 -2.09929431321016 FALSE ""
600 82 316 3.82445745539144 -1.6449723031055 4.22054238747066 -0.459243013985253 FALSE ""
300 55 317 1.16319808222429 -2.56295584399648 1.27272017079278 -1.94665702336442 FALSE ""
100 100 318 4.9722558293618 -1.24319685746874 5.45572751396226 -0.448632341611475 FALSE ""
800 92 319 1.27430714841511 -3.10012330721759 1.17321794722908 -1.76909720822021 FALSE ""
600 71 320 1.17907483506318 -3.05809553149829 1.2817814943434 -2.4437610620174 FALSE ""
200 5 321 1.12317570023031 -2.87142255582767 1.59927794694067 -2.94140501172197 FALSE ""
400 14 322 1.24987098054182 -2.71320198944306 1.37613611578398 -1.96306031220419 FALSE ""
700 74 323 1.27049611339177 -2.8695722737922 1.43374479500936 -1.9073579040628 FALSE ""
50 41 324 2.68790405147234 -1.4375138734061 3.2746830892085 -1.02337430297863 FALSE ""
500 44 325 1.31207114534837 -2.85428284971344 1.50414985638693 -2.08456842925291 FALSE ""
400 65 326 11.2128450968689 -1.46888325801114 11.6530293266894 -0.389869463233212 FALSE ""
800 69 327 1.08787128782941 -3.15829175731005 1.15987788587755 -2.32129302483561 FALSE ""
900 11 328 1.22709585727924 -3.11178667898316 1.2278381320908 -1.97114406031882 FALSE ""
200 56 329 1.28549242373532 -2.42969678112436 1.47502386145262 -1.67519372167702 FALSE ""
100 68 330 11.9132694893684 -1.56144724127774 12.4411999807144 -0.515321264467581 FALSE ""
100 38 331 4.4972610594066 -1.83076094859555 5.02319331076006 -0.623116498995283 FALSE ""
300 90 332 NA NA NA NA FALSE ""
700 50 333 1.27163955652181 -3.1051451999292 1.25816533992299 -1.99401352962073 FALSE ""
700 15 334 1.21188131057564 -3.20404889108648 0.897085656305989 -1.53368431844938 FALSE ""
700 48 335 NA NA NA NA FALSE ""
300 81 336 11.6552020882867 -1.56753386010544 12.1329728910576 -0.403782222677779 FALSE ""
600 27 337 37.0283349925085 4.53445199987228e-14 37.7879482519405 4.0663032413345e-15 FALSE ""
400 82 338 1.04049203057154 -3.19204499016011 1.31039109219833 -2.70626839264756 FALSE ""
900 64 339 1.13769772856803 -3.27252596248662 1.15980240292446 -2.408863444738 FALSE ""
100 22 340 1.17074623135748 -3.69220275687105 0.670183091883293 -1.71837671072069 FALSE ""
900 27 341 1.21439835035449 -2.76721887625617 1.38672065530884 -1.89040347182309 FALSE ""
500 20 342 1.04997167861462 -2.83696287783271 1.04187973192406 -2.09429740017416 FALSE ""
800 64 343 1.07106853503979 -3.0886735998334 1.08886775522025 -1.995567864864 FALSE ""
1000 37 344 1.22815284674179 -3.06640797080074 1.35150810665037 -2.26727288109947 FALSE ""
700 60 345 NA NA NA NA FALSE ""
900 56 346 1.33450004763607 -2.74536072279887 1.44445917875763 -1.66345326057877 FALSE ""
400 72 347 1.34931254790002 -2.53284666388221 1.5143565605476 -1.64845095495334 FALSE ""
1000 42 348 1.29788582266581 -2.79238485172946 1.36150023835123 -1.83202671429379 FALSE ""
200 34 349 13.1477938274213 -1.47479328946499 13.6689890073302 -0.512347951735182 FALSE ""
300 26 350 1.35423746792998 -3.22173629843829 1.39692869932412 -1.94406974657995 FALSE ""
400 100 351 4.01049010127153 -1.62760552101351 4.53943190567855 -0.654104700319527 FALSE ""
200 11 352 NA NA NA NA FALSE ""
200 14 353 5.1582775676396 -1.42091295532239 5.80523989709118 -0.639965427839094 FALSE ""
800 96 354 1.16153077848262 -2.99988849982817 0.989017845678291 -1.77569750692428 FALSE ""
700 32 355 NA NA NA NA FALSE ""
600 49 356 1.20267989507612 -3.23118989688173 1.31940079066602 -2.24872479874645 FALSE ""
50 54 357 1.05913225878978 -3.28878534751602 -0.00710746703734863 -0.253205658699513 FALSE ""
500 62 358 1.24400670520539 -2.85629366560913 1.56434207395344 -2.35582904246958 FALSE ""
1000 70 359 NA NA NA NA FALSE ""
400 69 360 NA NA NA NA FALSE ""
400 12 361 1.25969397175957 -3.12045066762423 1.32479937723076 -2.15274143618074 FALSE ""
600 5 362 1.03104306762783 -2.79223368928467 1.16888209960641 -2.1960477825435 FALSE ""
700 72 363 1.15824444151017 -3.01347852156746 1.09498967920167 -1.82668766861518 FALSE ""
800 52 364 NA NA NA NA FALSE ""
700 70 365 1.13140205136799 -3.20537683092436 1.28894758208119 -2.61800842846745 FALSE ""
400 47 366 1.0888961917412 -2.58342589246398 1.22227117468093 -1.79341886653388 FALSE ""
400 30 367 1.36893915016043 -3.17449449230119 1.43257410431802 -2.02888191439354 FALSE ""
700 29 368 1.12733477443663 -2.66957663111158 1.24424987519849 -1.91700554612344 FALSE ""
200 25 369 1.272925271602 -2.20775329127597 1.58350323997972 -1.54157476715271 FALSE ""
600 42 370 1.23775243834703 -3.16036149882741 1.32428604987015 -2.43580778295281 FALSE ""
400 66 371 1.18100895951536 -3.63638838031777 0.981680022741935 -2.28079870931116 FALSE ""
200 22 372 1.1097740268269 -3.47822120946398 1.41298557567094 -2.84078515555675 FALSE ""
100 67 373 0.907307692936471 -2.51785068513825 0.665161426399026 -1.73967527361296 FALSE ""
50 10 374 1.13050576430279 -2.86508747162171 1.07773799758404 -2.06215097271757 FALSE ""
700 73 375 1.34828807343115 -2.72043669750147 1.34280241482786 -1.50474372413561 FALSE ""
800 91 376 11.2757607594608 -1.41103526710366 11.751741229435 -0.42045104656791 FALSE ""
100 70 377 36.8919995399871 -1.18129985144596e-16 37.8393636044212 -2.93473388341653e-14 FALSE ""
300 50 378 1.01940351032497 -3.38450064966031 0.808685680498438 -1.84736802637186 FALSE ""
50 67 379 1.04649386519643 -4.24993520269124 0.909204415034749 -2.8317199398913 FALSE ""
100 34 380 NA NA NA NA FALSE ""
300 23 381 1.12752292860174 -3.14309259671244 1.32788381915373 -2.49373930356048 FALSE ""
200 81 382 1.09206127126522 -3.87987797702999 0.615174647207183 -2.17748842612618 FALSE ""
1000 32 383 1.26142448779953 -2.93541976387309 1.41518185332712 -1.93771551664121 FALSE ""
50 33 384 1.45415438935892 -1.68530380194711 2.12593904764132 -1.61692567760767 FALSE ""
200 46 385 1.12041541651883 -3.60864814791065 1.18368214475377 -2.55833508430636 FALSE ""
1000 87 386 1.18161347104267 -3.2227027134668 1.27568716523263 -2.5116767761539 FALSE ""
700 14 387 1.1476593578867 -3.06080321732115 1.33743345586435 -2.44545313593844 FALSE ""
50 21 388 1.12243886127953 -2.44629646273885 1.2351700157135 -2.11556625459222 FALSE ""
1000 15 389 1.15045714963201 -2.99887561524075 1.19920974966823 -2.02207318021352 FALSE ""
200 6 390 1.08535841272013 -2.8378900762303 1.12926431391767 -2.62702900017052 FALSE ""
700 17 391 1.05029730072387 -2.85673582720161 1.33913201350978 -2.331945062397 FALSE ""
500 35 392 1.11078376281849 -2.81204339482286 1.39846032452293 -2.265289040062 FALSE ""
50 88 393 5.10818491880765 -1.78128501140506 5.66671391918884 -0.827814402568176 FALSE ""
200 64 394 3.42199837625692 -1.46557095902193 3.8795217486599 -0.563994405770216 FALSE ""
100 27 395 1.33380173187882 -3.06233142586534 0.970532597918643 -1.42747899011239 FALSE ""
1000 69 396 1.19266435706829 -3.37973851701465 1.11849180464859 -1.99673510077448 FALSE ""
50 63 397 0.872169581564609 -3.72713464220089 0.447126049586062 -3.08953300338732 FALSE ""
900 9 398 1.11776053149845 -3.30835667090309 1.08351066416287 -2.19629027113611 FALSE ""
800 75 399 1.28286451870339 -3.14142902882088 1.30688577538546 -2.02935273741009 FALSE ""
600 35 400 13.136328394217 -1.51522143053084 13.7326524603221 -0.617723918317725 FALSE ""
100 85 401 NA NA NA NA FALSE ""
500 47 402 1.358149518435 -2.51168720201581 1.59611490462068 -1.93576502509211 FALSE ""
600 26 403 1.21787323581321 -2.97412077638721 1.31823841357962 -2.10780307569466 FALSE ""
500 19 404 1.33899283965344 -2.44393007626143 1.66956276735505 -1.82039659507805 FALSE ""
500 22 405 12.6850047689437 -1.50892954824718 13.2153917793924 -0.472076920176654 FALSE ""
50 4 406 NA NA NA NA FALSE ""
500 91 407 1.29988301582679 -3.1326748118494 1.42923995587693 -2.06141814965135 FALSE ""
300 52 408 NA NA NA NA FALSE ""
300 79 409 NA NA NA NA FALSE ""
800 49 410 6.36729381857706 -1.50320191251713 6.87666492505238 -0.471894400154026 FALSE ""
500 32 411 1.26486949912287 -3.06767185651593 1.31606208579189 -1.99250064885402 FALSE ""
1000 14 412 NA NA NA NA FALSE ""
700 33 413 1.35413238774675 -2.67094560940429 1.44674013550133 -1.54104546912288 FALSE ""
700 2 414 1.28990884227193 -2.95956265507689 1.34645989144454 -1.81426593100748 FALSE ""
100 69 415 NA NA NA NA FALSE ""
700 44 416 6.15975176024378 -1.5471897073898 6.68449661260374 -0.486690636623744 FALSE ""
900 68 417 1.1997429615155 -2.79749040638289 1.33244874955103 -1.92516499939536 FALSE ""
900 87 418 1.34452030133198 -3.0120135718744 1.43409772080077 -2.01540844491842 FALSE ""
300 6 419 1.41632521545602 -3.17551635351443 1.4196871006531 -2.45720801152858 FALSE ""
400 84 420 1.09197741506065 -3.21778287378355 1.34416636671362 -2.71782175686209 FALSE ""
50 2 421 0.850958993052338 -3.12922875326425 1.15637148426754 -2.26351967763328 FALSE ""
300 12 422 1.01804052801982 -2.9638504329951 1.62556714956697 -3.17300984407877 FALSE ""
700 53 423 1.25547861557345 -3.08255468565269 1.29353797202923 -2.05089384664584 FALSE ""
100 99 424 0.877850893562905 -2.92370128346708 1.25705157784328 -2.65750721384615 FALSE ""
700 9 425 1.25568653637924 -3.21082698661761 1.3698662281465 -2.03054370149042 FALSE ""
300 94 426 NA NA NA NA FALSE ""
700 38 427 1.28236273069821 -3.19025184698312 1.19280150239114 -1.77763108865567 FALSE ""
600 43 428 NA NA NA NA FALSE ""
400 13 429 1.25810744306143 -2.89186919069655 1.23225684160047 -1.7323529737978 FALSE ""
700 34 430 1.23601781834794 -2.9606800606113 1.2335146180334 -1.84937397173547 FALSE ""
700 86 431 1.25221141367329 -2.85058530065422 1.46537997266527 -2.09619420748474 FALSE ""
50 68 432 -0.00946069036168611 -1.88387281258098 1.75364657352473 -4.51905474975448 FALSE ""
500 82 433 1.29254096983707 -3.05345771456626 1.28875470207025 -1.80435687901266 FALSE ""
900 53 434 1.26714179727607 -3.13942841220868 1.34935928663882 -2.12880119184183 FALSE ""
900 44 435 1.27229207771865 -2.72850450101068 1.41017903088708 -1.89767716324527 FALSE ""
500 45 436 1.31056534064676 -2.77509559650541 1.29880229372602 -1.43884077298712 FALSE ""
50 11 437 12.4749953449017 -1.02577430637482 13.6590900502129 -1.16556869159756 FALSE ""
200 50 438 1.14774031987105 -3.1797131545416 1.31778877872739 -2.86658862839895 FALSE ""
600 14 439 NA NA NA NA FALSE ""
400 75 440 1.09859236587051 -2.68406520786062 0.863116454933709 -1.59499217593872 FALSE ""
1000 92 441 1.25009195502239 -3.00423644539925 1.30931605153712 -1.88463570201032 FALSE ""
400 45 442 1.1318162739253 -3.63573023605499 0.552367793962358 -1.78603402903926 FALSE ""
200 96 443 1.23163903676165 -2.69460113794111 1.42900391685862 -1.84060961831693 FALSE ""
700 61 444 1.13471143761758 -3.08469262408271 1.05302214372292 -1.96159790710948 FALSE ""
900 89 445 1.26818987824979 -3.39416119000784 1.17387263986804 -2.25178218194385 FALSE ""
700 52 446 1.10074671929741 -2.65667552786566 1.25460659603231 -1.98527479621882 FALSE ""
400 48 447 NA NA NA NA FALSE ""
100 47 448 1.30464565976414 -2.83259557157609 0.879713433148097 -1.31632851496219 FALSE ""
300 21 449 7.64129828272516 -1.49565552548858 8.08285577170919 -0.345704428693769 FALSE ""
1000 25 450 1.24833055184769 -2.82911022029719 1.38245097573923 -1.78262825615041 FALSE ""
800 6 451 1.20340272898535 -3.07803112129743 1.22718986819614 -2.02113444224723 FALSE ""
500 30 452 0.986852309149817 -3.16080668179375 1.21804397453737 -2.86225397079869 FALSE ""
800 51 453 1.19845555726634 -2.62285670941676 1.42810844149129 -2.02984440041285 FALSE ""
300 82 454 1.30049128632257 -2.90585121104593 1.45762942727681 -1.93496525241367 FALSE ""
700 41 455 1.25234422216327 -3.35687645257726 1.29064643575099 -2.15060024115893 FALSE ""
500 2 456 NA NA NA NA FALSE ""
500 9 457 1.24818679846133 -2.96175597751979 1.41136828265666 -2.08023449243326 FALSE ""
600 13 458 1.29892094533277 -2.80232230981301 1.32693418532154 -1.55842419720102 FALSE ""
50 61 459 1.51010605713798 -1.92091085622493 1.74343919452575 -0.882046873008529 FALSE ""
900 80 460 1.33420219530466 -2.99592906130147 1.40280321785982 -1.91838652380564 FALSE ""
700 89 461 1.25111861456035 -2.7707670222149 1.274897335843 -1.90823466539008 FALSE ""
50 17 462 NA NA NA NA FALSE ""
200 19 463 1.23263248699206 -3.66468537599148 1.03301115681126 -2.33511009730617 FALSE ""
800 35 464 1.27140614988818 -2.88205743044819 1.32238650824505 -1.94593650073133 FALSE ""
50 25 465 1.62080477834401 -4.61080382196662 1.82070625266381 -3.41910539184729 FALSE ""
800 9 466 1.17587564138212 -2.73431141613767 1.23480148139975 -1.75379418973444 FALSE ""
100 91 467 NA NA NA NA FALSE ""
900 84 468 1.28820112859451 -2.62972254478117 1.38705986074399 -1.52035285369754 FALSE ""
500 28 469 1.36122904084945 -3.12848971985397 1.17604871088928 -1.65233019771366 FALSE ""
300 20 470 1.19646307732287 -3.86119813946855 1.085559644145 -2.60486529270978 FALSE ""
300 5 471 1.1339326133854 -3.45568558822394 1.79008941141637 -3.79866455463377 FALSE ""
1000 55 472 1.2547997906441 -3.06158095905033 1.1967577286294 -1.8644623279083 FALSE ""
400 18 473 1.19800913074993 -3.17880364544729 1.59590967688272 -2.99168199557563 FALSE ""
50 73 474 1.50462456646167 -3.91936997918649 1.67108829330351 -3.04335471813078 FALSE ""
50 48 475 0.927692873623132 -2.79483787679064 0.928201950260045 -1.78264039808993 FALSE ""
1000 44 476 1.18235905631145 -3.225366079138 1.21685296466849 -2.18657790789488 FALSE ""
200 92 477 NA NA NA NA FALSE ""
200 76 478 NA NA NA NA FALSE ""
800 25 479 7.6233757357436 -1.59672513652804 8.13564360478257 -0.473414241321882 FALSE ""
600 73 480 1.20731711134614 -3.03491361390551 1.09310842170315 -1.6007749927399 FALSE ""
100 28 481 1.17167404572964 -3.30404044788052 1.18876804733761 -1.87984022450445 FALSE ""
100 26 482 1.30348471183492 -2.30995230318184 1.76229538272017 -2.06082711804809 FALSE ""
1000 88 483 1.26734507974005 -2.89419193093639 1.36588954339851 -1.90080879328557 FALSE ""
200 88 484 1.04838994479821 -2.8739691793119 1.21110535823001 -2.1078996898517 FALSE ""
500 77 485 1.01796640173998 -2.98359885938227 1.18985787305215 -2.39594717918303 FALSE ""
200 49 486 NA NA NA NA FALSE ""
300 69 487 1.02313909304962 -2.83953899948621 1.20502634633952 -1.91540130138535 FALSE ""
50 31 488 0.762381351774279 -2.70304606819841 1.010736587395 -2.73305714165981 FALSE ""
800 87 489 1.0500032374495 -2.82882378743005 1.01625117175554 -1.86701457912104 FALSE ""
400 68 490 1.2426410098634 -2.25583026990477 1.71261237667394 -1.95888316165517 FALSE ""
200 41 491 1.33309088194705 -2.64091162940644 1.23893413347028 -1.33011418332767 FALSE ""
900 18 492 1.1640986945684 -2.58905076810001 1.31056894865341 -1.87702233960338 FALSE ""
900 58 493 1.18922683457453 -3.09400220646344 1.2884175324372 -2.21809852608715 FALSE ""
50 28 494 1.17282634003774 -3.73603665153712 0.702997283390122 -2.22699672134058 FALSE ""
100 14 495 1.13362984922954 -3.6971940919056 0.958129742481342 -2.00103594501245 FALSE ""
900 39 496 1.21866132365284 -2.67110198251686 1.37041055345666 -1.89520708028126 FALSE ""
1000 21 497 1.24007420505273 -2.89677658362791 1.28575051305741 -1.92421854073522 FALSE ""
1000 51 498 1.20465178807465 -3.23951824707666 1.38942794006404 -2.37201093775059 FALSE ""
900 13 499 1.19637465178747 -2.98988798854625 1.00856315716484 -1.47443684250386 FALSE ""
500 23 500 1.27199057306453 -3.03046412531624 1.44907723805108 -2.51117165891144 FALSE ""
100 16 501 0.880750051881337 -3.49725806735288 0.427323401440055 -1.67381572121803 FALSE ""
1000 35 502 1.18294202003507 -2.92614444093783 1.34359395742384 -2.02451946686285 FALSE ""
300 96 503 1.07476963771379 -2.65818374674393 1.09038071163448 -1.58962063985204 FALSE ""
300 29 504 1.07489429543486 -3.25329436205448 1.24553468205489 -2.41510358110416 FALSE ""
50 91 505 1.34880493729134 -3.31683107254631 1.25942246515366 -2.44244155532208 FALSE ""
200 70 506 1.20565473161085 -2.79391263682532 1.46694931749635 -1.94945957587687 FALSE ""
400 79 507 9.57508910604253 -1.49034989207568 10.0574207234004 -0.425549793313618 FALSE ""
100 4 508 12.9238112081277 -1.2198586099797 13.5825337575803 -0.697812803290281 FALSE ""
200 69 509 1.30498793286416 -2.74376884538827 1.32104614600298 -1.62131990492529 FALSE ""
1000 95 510 1.22871966102584 -2.81592977812499 1.31316250942933 -1.95647531126684 FALSE ""
500 14 511 1.15846813243911 -2.69276680801887 1.2179726889879 -1.99298140641685 FALSE ""
500 89 512 1.12929318644744 -3.26129507507324 1.02154876619367 -2.19090349366504 FALSE ""
50 22 513 NA NA NA NA FALSE ""
300 74 514 1.29980329060608 -3.13284392610118 1.22709313207919 -1.77951483910984 FALSE ""
1000 99 515 9.26329332923259 -1.45882632903532 9.7553411870116 -0.430515357069223 FALSE ""
800 30 516 1.16139311916175 -3.10836752488778 1.30327670399552 -2.1897996128092 FALSE ""
100 25 517 0.908599157868356 -2.41174530830791 1.01648769522365 -2.01467923631566 FALSE ""
300 3 518 1.27900905686887 -3.3362338380687 1.326023871802 -2.45325621227184 FALSE ""
800 13 519 1.18575557386 -3.19624602272054 1.11080745110021 -1.99128350298677 FALSE ""
900 45 520 1.20632315612297 -2.81818030362643 1.33371773330575 -2.06821061436629 FALSE ""
100 48 521 5.20753584585705 -1.64977165552203 5.89103063510837 -0.741700483335035 FALSE ""
300 1 522 1.20417868679283 -3.41388927114824 1.03669576865908 -1.94910901292767 FALSE ""
900 81 523 6.47566847160859 -1.53012742036229 6.93281088408847 -0.410911013330617 FALSE ""
200 20 524 1.36228282010998 -3.11186535815741 1.44450961105054 -1.74726365061723 FALSE ""
800 77 525 1.15703858051191 -2.82207268268653 1.12282887597476 -1.85825770128933 FALSE ""
700 66 526 1.17011902513692 -2.99751261448845 1.15214515998612 -1.78063237136134 FALSE ""
100 54 527 0.793338446851161 -2.0471790609208 1.5223623616083 -2.32152331094965 FALSE ""
100 88 528 1.06115989321446 -2.77870378551182 0.881116613235429 -1.44803750192117 FALSE ""
1000 29 529 1.19081075705067 -3.27446036587841 1.12206183524792 -2.04025523080545 FALSE ""
500 36 530 1.08429043901605 -2.85291745468263 1.17198686097809 -1.82814205481911 FALSE ""
300 31 531 1.00252937889349 -2.4098017814006 0.964441077786386 -1.63655174928075 FALSE ""
1000 39 532 1.13422340698071 -3.40050362851172 1.08804121770998 -2.52453729085796 FALSE ""
500 55 533 10.3646011415239 -1.50887245806609 10.8300514459877 -0.434381886558907 FALSE ""
800 21 534 13.6034086403295 -1.51402490349009 14.0644731391112 -0.408701840752122 FALSE ""
50 60 535 1.13857498362679 -2.3789518827564 1.28106721454966 -1.70519344514299 FALSE ""
900 30 536 1.23696614309305 -3.11622901085252 1.25990795989696 -2.12031497208743 FALSE ""
300 76 537 1.03567517504962 -3.32888554538793 0.944583558895507 -2.07225735976257 FALSE ""
200 75 538 5.96388021834781 -1.5925069236489 6.44781959516004 -0.503127080191454 FALSE ""
900 100 539 1.22026868086894 -3.32076695918119 1.20009481538539 -2.163277257095 FALSE ""
700 82 540 0.99677034412896 -2.91051940445475 0.997632029275733 -2.08025330134952 FALSE ""
200 51 541 NA NA NA NA FALSE ""
900 7 542 1.22488956013273 -2.94453902895271 1.30269087266075 -1.99266935817708 FALSE ""
200 78 543 1.27774419565768 -3.11693167428417 1.31901651257314 -2.3476228043833 FALSE ""
400 11 544 1.21136057746226 -3.17082173742825 1.15878306981815 -1.91945726081414 FALSE ""
800 73 545 1.08603728422072 -3.20193488911826 0.867954454120617 -1.95066751159702 FALSE ""
200 93 546 1.42244334025774 -2.62545078156704 1.07940834624844 -0.908711944143777 FALSE ""
500 88 547 1.28581420380728 -2.80501992363377 1.23029559917777 -1.6319491879288 FALSE ""
900 41 548 1.26856120229528 -3.30896887479626 1.17900326328871 -2.24331816056965 FALSE ""
200 45 549 1.09489906444231 -2.64571258263984 1.32950626818125 -2.03865264617999 FALSE ""
800 27 550 4.36354587215954 -1.64497358478989 4.78863063960861 -0.479199951706866 FALSE ""
50 39 551 NA NA NA NA FALSE ""
800 24 552 1.17211452034045 -2.78856862384493 1.22098188079719 -1.69045857293122 FALSE ""
200 36 553 4.15999960549493 -1.59111296126489 4.5853984271375 -0.481063381886133 FALSE ""
400 16 554 1.31132998497725 -2.94738715449194 1.68033429505975 -2.34908779836187 FALSE ""
800 1 555 13.5403059675534 -1.46557061598321 14.0440970480898 -0.471482491328016 FALSE ""
800 100 556 1.02077977390904 -3.14848636837257 0.979371429446821 -2.03899626920773 FALSE ""
700 99 557 1.25819076055991 -3.53585593193148 1.1839612651037 -2.49181866582119 FALSE ""
1000 28 558 1.16455363623691 -3.17403770052965 1.24655116171035 -2.17327012437621 FALSE ""
900 40 559 1.16484283883862 -2.88487867550965 1.12603425802088 -1.91924045180754 FALSE ""
500 81 560 NA NA NA NA FALSE ""
700 65 561 0.935007365730906 -3.00275845235534 1.08187558377574 -2.38660483675213 FALSE ""
300 35 562 1.1598274418189 -3.17574132233504 0.745590496832296 -1.68140471576706 FALSE ""
300 13 563 1.40707384126382 -3.08643351770837 1.4856301003744 -2.24138350850808 FALSE ""
700 90 564 1.178262749431 -3.33811428534695 1.25673677613717 -2.22800187782389 FALSE ""
700 24 565 5.80968399855724 -1.49456830463567 6.31231877200866 -0.47965147544337 FALSE ""
500 100 566 NA NA NA NA FALSE ""
500 83 567 1.20197369805387 -2.62053105652934 1.36738204923325 -1.95920128715285 FALSE ""
700 100 568 1.24168751371377 -2.87998774422061 1.25255068640807 -1.94499098719421 FALSE ""
300 39 569 1.1628201454852 -3.15409448470705 1.06519255991362 -1.8054319726285 FALSE ""
1000 9 570 1.17554014833383 -2.84222924818202 1.38349750671832 -2.20856089415782 FALSE ""
300 87 571 1.04988438535379 -2.74822386429804 1.21461442700709 -2.18940218430102 FALSE ""
600 80 572 1.24680628333014 -3.12129165076939 1.26729187004418 -2.14484708397827 FALSE ""
900 47 573 1.10004663838168 -3.21582281113286 1.18389493198567 -2.40666785901327 FALSE ""
50 59 574 1.06287142631389 -3.13779087184668 1.24519304213027 -2.06578205720667 FALSE ""
100 35 575 1.20879016030256 -3.41089053846044 1.62355849771846 -3.41234036129015 FALSE ""
1000 27 576 1.12890298046778 -3.00900047938021 1.09640514118776 -1.91534330898278 FALSE ""
800 78 577 1.2171741673158 -3.06239286309748 1.20877475435496 -2.02094901986987 FALSE ""
100 7 578 0.981231543066524 -2.99669043905098 0.710694934349651 -1.97569191168409 FALSE ""
50 100 579 0.60383736700102 -4.02143059991231 -0.576408256359831 -2.06698363777501 FALSE ""
800 18 580 1.25689771158809 -3.12810131758601 1.22211938979546 -1.93636511994362 FALSE ""
100 9 581 NA NA NA NA FALSE ""
100 81 582 3.76242583676049 -1.78560092782677 4.259264328146 -0.868372310745217 FALSE ""
900 94 583 9.85372929168846 -1.58647529366306 10.2745242237766 -0.367870719580204 FALSE ""
1000 31 584 1.19032057330449 -2.83920976643498 1.22592310824835 -1.94642644171956 FALSE ""
300 51 585 1.15072522698739 -2.84449491175646 1.18102540229545 -1.75197956887841 FALSE ""
50 40 586 0.891200902267907 -4.41734010724702 0.548393190124982 -1.56221913600418 FALSE ""
800 39 587 1.2954528064702 -3.21624003146539 1.20943953863842 -1.73807809974479 FALSE ""
1000 10 588 1.27334419288258 -3.02678322282931 1.41537929236956 -2.08231276625386 FALSE ""
500 97 589 1.11938331397179 -3.27078171299313 1.13592269383189 -2.46777264048234 FALSE ""
400 63 590 1.19641761744184 -2.65201639500857 1.19836709802265 -1.55301619013997 FALSE ""
700 6 591 1.08957906509045 -2.96247981647501 1.24021854615613 -2.27573553948801 FALSE ""
50 96 592 0.988436450663774 -2.65597380217146 1.34311183431421 -2.2825470364737 FALSE ""
600 60 593 1.20397968053497 -3.07974931086763 1.20858213085088 -1.7994737543566 FALSE ""
1000 94 594 1.12212561558628 -3.04393033526594 1.30836249651287 -2.26672359023656 FALSE ""
700 55 595 1.22737388857459 -3.04547055992008 1.23960796325332 -2.00888756222656 FALSE ""
500 75 596 1.28193061380081 -2.92266545331627 1.23215910118171 -1.7049835409811 FALSE ""
800 55 597 1.18637790996863 -3.00665795041405 1.27858558784692 -1.95907822687126 FALSE ""
800 86 598 1.29070121124113 -3.01492911897577 1.15791770079704 -1.78338329834411 FALSE ""
600 87 599 1.27153010338966 -3.18615685241373 1.12486559272773 -2.0303177995495 FALSE ""
1000 1 600 1.14455410944387 -2.9370280483714 1.14083205665628 -1.85671803701277 FALSE ""
600 75 601 4.03572331810347 -1.46339464383183 4.6357303858539 -0.675568627249294 FALSE ""
50 53 602 12.1962639476635 -1.2389943632008 12.7780847734185 -0.436668877238946 FALSE ""
800 60 603 1.05140810539207 -2.63855127851848 0.977170220983243 -1.86496682548241 FALSE ""
1000 83 604 1.15187546686404 -2.97395376419709 1.3764238234307 -2.32732240149027 FALSE ""
600 54 605 1.20211550490615 -2.90110494324466 1.39014720726427 -2.11827785230783 FALSE ""
400 41 606 1.01136098468798 -3.32238379731733 0.981728019635648 -2.31587876247471 FALSE ""
400 7 607 12.0205624474256 -1.47215782339892 12.5867510558507 -0.541032626725074 FALSE ""
400 70 608 1.19812077614325 -2.69957954637908 1.16410136350313 -1.52202936289463 FALSE ""
200 98 609 1.15289106282873 -2.61524267664862 1.32162894024278 -2.00860331921038 FALSE ""
300 8 610 1.26068036549363 -3.30010443623123 0.948227414869957 -1.4726541522364 FALSE ""
600 63 611 9.32316488294777 -1.60910016294849 9.83749281306788 -0.475452847656422 FALSE ""
400 78 612 0.989783876972422 -2.74143426353813 1.01442515569123 -1.87463255793551 FALSE ""
900 97 613 1.24504198633035 -3.11488297303749 1.49177109246965 -2.52139100774458 FALSE ""
100 12 614 0.891770721720589 -3.32942157561263 0.353100907652609 -1.74421102387457 FALSE ""
900 93 615 9.05830369084314 -1.57308603392796 9.54472097409294 -0.438557113667687 FALSE ""
400 42 616 1.17882843838448 -3.00521311859444 1.4237831601191 -2.30484545061301 FALSE ""
600 94 617 1.35812812253118 -2.64809543509777 1.35931200193648 -1.41237780760804 FALSE ""
100 20 618 1.11909347310701 -3.05147050942442 0.74328277294597 -1.90538654894184 FALSE ""
800 89 619 12.4608328887773 -1.37500867010782 13.101093400243 -0.579802729766377 FALSE ""
400 64 620 1.06079033791475 -3.19092148479051 0.980350089205067 -2.0878271681381 FALSE ""
50 72 621 1.04223424991066 -4.02198290682402 1.1868394258575 -3.22840454388082 FALSE ""
900 59 622 1.26930102032953 -2.69208676671109 1.30446387654308 -1.59735574642955 FALSE ""
100 59 623 1.46689745021671 -3.63726695321336 1.80232111615239 -3.56581648890705 FALSE ""
50 8 624 0.56630122607595 -2.12913342326099 0.337896415221005 -1.6886904124849 FALSE ""
800 67 625 1.24576487351645 -3.07997048488691 1.38280900433997 -2.17512163299736 FALSE ""
300 93 626 NA NA NA NA FALSE ""
100 53 627 1.28700958243414 -2.15147294365097 1.64197678351916 -1.7856945560978 FALSE ""
400 25 628 1.30363759779886 -2.8927753917893 1.20266432717887 -1.79044008364487 FALSE ""
300 7 629 1.16460299247072 -2.91526808768987 1.14320141616723 -1.57083205408219 FALSE ""
100 74 630 1.19649170121016 -2.55377314453522 1.66446276877593 -2.61871009317566 FALSE ""
1000 13 631 1.19695367832504 -2.98052311431195 1.01590848588753 -1.63328306638405 FALSE ""
1000 18 632 1.33756943863294 -2.92180289361064 1.37001492651113 -1.92339687858146 FALSE ""
300 100 633 1.07353714024141 -2.27308222021028 1.03404905096545 -1.19972637508473 FALSE ""
800 45 634 1.27402904605977 -3.05870868773356 1.16288838898141 -1.76704257675428 FALSE ""
600 56 635 1.0567681066322 -3.21547600227213 1.0522871300656 -2.23472201996061 FALSE ""
700 31 636 1.13228043099374 -2.76707798401622 1.31076277541452 -1.99119295606996 FALSE ""
100 58 637 1.34357056660997 -4.06799251534457 1.32127032195489 -2.64573635044459 FALSE ""
50 81 638 1.36500949930338 -2.43928322699338 1.62120596133911 -2.21994591714521 FALSE ""
200 53 639 1.33839627742083 -1.88145258462436 1.88001935360346 -1.40999996609326 FALSE ""
200 42 640 3.24996521750882 -1.58102061495986 3.97818436122869 -1.02493479842861 FALSE ""
300 17 641 0.963441822097263 -3.40756210661403 0.756011125726413 -2.01361604379887 FALSE ""
900 17 642 1.23907256826705 -3.10239472954908 1.29942188834701 -2.17294131208218 FALSE ""
600 34 643 1.13777352536147 -3.16797059581561 1.0818188912649 -2.05593748555014 FALSE ""
400 97 644 1.40294165998848 -2.90895717406033 1.39103144473023 -1.78614549130401 FALSE ""
500 27 645 1.25745450537578 -3.15250614255286 0.990508108341379 -1.61926833186458 FALSE ""
600 85 646 NA NA NA NA FALSE ""
50 57 647 7.77463492728828 -1.57657037856877 8.18497717013443 -0.440547655269522 FALSE ""
500 3 648 1.20768588019679 -3.23644334932176 0.675611706184379 -1.2864564100235 FALSE ""
500 39 649 1.13777293199158 -2.83485764546027 1.32210534312895 -2.08608458897378 FALSE ""
50 37 650 1.36372535934373 -2.14209017803731 1.16864274379635 -0.224895629961487 FALSE ""
700 35 651 1.07621689454335 -3.55148116290076 0.947592450622455 -2.34146717185382 FALSE ""
200 32 652 1.18744423930739 -2.4032529376264 1.19106431880709 -1.76582671536854 FALSE ""
800 29 653 1.19197930894115 -3.33085621544562 1.03321312305809 -1.95179998680907 FALSE ""
200 33 654 6.69881084259106 -1.50926821101777 7.17085958464836 -0.393999099254151 FALSE ""
100 18 655 NA NA NA NA FALSE ""
500 66 656 1.11014863103516 -2.94847731223635 1.02436449551649 -1.61980948146134 FALSE ""
1000 89 657 1.23102145511556 -2.88579684242363 1.34289550738556 -1.81319236759429 FALSE ""
900 33 658 1.227334687663 -3.13874498396178 1.23812737064289 -2.17192223700605 FALSE ""
300 56 659 1.19224070491937 -3.06273634177196 1.29245131569219 -2.29071929535413 FALSE ""
300 85 660 1.31840510352395 -3.70712104822345 1.00797455989705 -1.73785320695299 FALSE ""
900 48 661 NA NA NA NA FALSE ""
600 22 662 1.3041031348663 -2.69968307138677 1.30372529216122 -1.65445751735751 FALSE ""
800 94 663 1.22328760866045 -3.10445641755469 1.43287311128855 -2.50791795245941 FALSE ""
100 61 664 2.96380913228193 -1.80437720597579 3.38806893183236 -0.639877271057581 FALSE ""
1000 6 665 1.20703335532295 -3.07295938014468 1.2710094087205 -2.06656732394655 FALSE ""
700 54 666 1.07943944723122 -3.10429477963056 0.849797352951941 -1.7520816028803 FALSE ""
800 36 667 1.18447459953013 -3.50051492288763 1.07327252946262 -2.11613166014684 FALSE ""
700 18 668 1.22055682030758 -3.04747597810457 1.30615960188603 -2.2070140734131 FALSE ""
300 14 669 1.38867584068077 -2.64667212417459 1.68201762666029 -1.87226596807484 FALSE ""
800 95 670 1.18193127571396 -2.92174878193978 1.45975384533759 -2.32365549160378 FALSE ""
400 61 671 1.2223673925736 -2.65748932102854 1.37566677940558 -1.83055226530594 FALSE ""
1000 46 672 1.1404171833797 -3.11419582563049 1.32260751775333 -2.45367244938751 FALSE ""
600 97 673 1.12627828255492 -3.44253047348576 1.2353280658109 -2.69177326004286 FALSE ""
800 82 674 1.10054655094281 -2.73936850208767 1.16306598143475 -1.74999118835443 FALSE ""
300 86 675 1.17427451791036 -2.77478319732723 1.21250093489551 -2.38460444466437 FALSE ""
700 85 676 1.11321365948332 -3.39532695857683 1.00987803322511 -2.09886819390891 FALSE ""
100 15 677 0.979512537788155 -3.66093017544188 0.31733180113432 -1.88327387482931 FALSE ""
50 66 678 0.615713947687399 -3.67995971381715 -0.852870641659106 -0.706255881515012 FALSE ""
700 13 679 NA NA NA NA FALSE ""
300 62 680 1.29191437843595 -2.60292072690716 1.13414130580903 -1.1794165814811 FALSE ""
600 40 681 1.30150363493827 -3.1763230069312 1.2409461966126 -1.98381875167669 FALSE ""
600 83 682 7.51509471479123 -1.53267953350238 8.02868239474401 -0.494311172133496 FALSE ""
50 78 683 12.390220508176 -1.96311899681963 13.0922030208038 -0.982893550075242 FALSE ""
200 2 684 1.02969354851777 -3.33718445073589 1.02457360744935 -2.64446992944461 FALSE ""
100 19 685 NA NA NA NA FALSE ""
700 63 686 1.21887413271066 -2.58676316291069 1.44898040282268 -2.06035943187019 FALSE ""
100 3 687 0.974428422557743 -3.10367265946933 0.208109761460717 -1.2810323124669 FALSE ""
800 48 688 1.32506235294986 -2.74142184231683 1.60196668550896 -1.93882053452872 FALSE ""
400 86 689 1.16715185252641 -3.52448145678739 1.30584684042862 -2.40523629286955 FALSE ""
1000 41 690 1.20184283175608 -3.32588309354947 1.28427430417135 -2.44483201647999 FALSE ""
200 54 691 5.73038897578844 -1.72728055030711 6.3364448295756 -0.650563263216078 FALSE ""
600 74 692 1.24293334042515 -3.00571348572683 1.36711942378434 -2.18874764505424 FALSE ""
200 38 693 1.14554163963759 -2.45302149821653 0.97160202740701 -1.08938515247779 FALSE ""
400 71 694 1.43671345506468 -2.63443059465766 1.72013125134401 -1.8850333527905 FALSE ""
50 79 695 NA NA NA NA FALSE ""
500 33 696 1.15034732594049 -2.89855068585241 0.994071043163049 -1.57972827197626 FALSE ""
600 7 697 1.05384325532719 -2.59724501124391 1.25396050130765 -1.895860844307 FALSE ""
400 4 698 0.991016278155473 -2.81824285915135 0.956226500847751 -2.13220343537875 FALSE ""
200 58 699 1.15118254249155 -3.16192685999651 1.18146523263945 -2.15737757530295 FALSE ""
600 100 700 1.26331180428684 -2.97364962823652 1.2730174185552 -2.11721912807007 FALSE ""
500 31 701 4.03750413617539 -1.59305743833516 4.50654010281187 -0.567767938982538 FALSE ""
500 65 702 1.2847149826024 -3.10001288891065 1.13770626550154 -1.6695001563261 FALSE ""
200 55 703 1.22038604742612 -3.55657523757212 0.93112960585575 -1.79187108136963 FALSE ""
400 28 704 1.32177861279739 -3.17102625824727 1.22740544700036 -1.6199981603808 FALSE ""
900 22 705 NA NA NA NA FALSE ""
400 37 706 1.31778979620478 -3.38123019824036 1.42592949143625 -2.62356763588498 FALSE ""
800 65 707 1.21321034996339 -2.77401701224661 1.5012574519794 -2.29373671524871 FALSE ""
600 8 708 1.12383967596395 -3.00491453429225 1.35505970625215 -2.21611034542682 FALSE ""
100 29 709 7.80579839617613 -1.51890994061743 8.30205702281419 -0.427212609382966 FALSE ""
600 64 710 1.38526555017003 -3.19801104456483 1.37210491460595 -1.88855765909718 FALSE ""
600 10 711 1.34293474191454 -3.38290054597724 1.49015152172876 -2.37594635767172 FALSE ""
50 20 712 0.493921550046427 -3.52580434102629 -0.200828366837145 -1.63349843485547 FALSE ""
50 52 713 1.14933891947334 -3.41547296993075 1.33782836216567 -2.21442997100143 FALSE ""
800 53 714 1.22779390224273 -2.872256691993 1.5182050719739 -2.17203101890159 FALSE ""
500 54 715 0.938774668989675 -3.36588253342163 1.02740583578417 -2.7805253819725 FALSE ""
900 61 716 1.20867042795236 -3.21117369962117 1.25838828426553 -2.46672599021469 FALSE ""
900 25 717 1.20934956220487 -3.1073387273818 1.2162545496853 -2.05432987556325 FALSE ""
200 29 718 4.1229204424404 -1.30494920278495 4.52772596528552 -0.323788860504941 FALSE ""
800 32 719 1.13366150921703 -3.08562713177357 0.995309899306767 -1.82422413815357 FALSE ""
50 7 720 1.42037213810796 -4.05410085999637 1.43184471254738 -2.54982688990591 FALSE ""
800 22 721 1.15112557610279 -3.30341894146217 1.016448404169 -2.23148638453087 FALSE ""
900 6 722 1.27322188624772 -2.92488592285059 1.12219418105796 -1.68543896198236 FALSE ""
600 51 723 0.990542477607975 -2.94767063877183 0.962604726985756 -2.06103304368622 FALSE ""
400 92 724 1.08219925880146 -2.7382945082971 1.16421693969498 -1.76075065378315 FALSE ""
800 74 725 12.9738031604921 -1.52429201382255 13.4650328668926 -0.472566319803344 FALSE ""
50 47 726 2.77075063727589 -2.3378700885598 3.24142266672997 -1.17465835446553 FALSE ""
300 4 727 0.978922229718986 -3.16095135954496 0.895051656675354 -1.90847431459791 FALSE ""
300 53 728 1.05589356418413 -3.08990459613594 0.771511433156269 -2.11797575572647 FALSE ""
400 22 729 1.34652395747851 -3.0759365720839 1.18436196963987 -1.60834189217955 FALSE ""
1000 59 730 1.20378881499337 -2.94888600702914 1.09901991150004 -1.7364407791471 FALSE ""
300 9 731 1.44493774948012 -2.68025016402336 1.57901058914949 -1.70045258747196 FALSE ""
100 23 732 0.858804188850388 -3.39498881119226 0.868606566839683 -2.5485380494986 FALSE ""
300 67 733 12.3598595394337 -1.4808976558508 12.9055833293856 -0.523751946466422 FALSE ""
900 91 734 1.22012341403727 -3.1361262901772 1.10931897168599 -1.93338457075972 FALSE ""
1000 80 735 1.24470963987755 -2.96693525782935 1.33449821851665 -1.93239488745105 FALSE ""
100 56 736 NA NA NA NA FALSE ""
1000 3 737 1.14793276906569 -3.26491041779635 1.18435235444593 -2.37865453121096 FALSE ""
800 5 738 NA NA NA NA FALSE ""
500 61 739 1.12447730377694 -3.23316527589929 1.01152759806616 -2.23683511856005 FALSE ""
1000 76 740 1.23019411006162 -3.13356106582912 1.17190533698212 -1.74689212885896 FALSE ""
500 76 741 1.19260440909844 -2.99746300558916 1.1145257558756 -1.93459294880878 FALSE ""
900 96 742 1.23784373463424 -2.8979399377485 1.44176927795442 -1.91989519588627 FALSE ""
200 9 743 0.896349315202679 -3.49754799344245 0.538448304866177 -2.53439053109802 FALSE ""
1000 96 744 1.10462924900456 -3.12390015136115 1.14294852213147 -2.39899814377412 FALSE ""
500 42 745 1.16882136280428 -2.79649830458998 1.10875451945917 -1.69976564831613 FALSE ""
300 84 746 1.23763952833013 -2.76548766254853 1.57721391056414 -2.31392283143874 FALSE ""
800 31 747 1.16270665822381 -3.28525542844932 1.24887843000113 -2.38926244696057 FALSE ""
600 15 748 1.26946056960806 -2.74797006106649 1.55367377888029 -2.24562608134778 FALSE ""
300 71 749 1.03729961176392 -3.47759166042681 0.992256830034492 -2.18185572430943 FALSE ""
400 34 750 3.33042877417842 -1.60179181713252 3.84377356616765 -0.729202345610211 FALSE ""
800 12 751 4.03373828884344 -1.62426730879305 4.59186716740217 -0.681054950946255 FALSE ""
200 60 752 1.24016698692951 -3.02159637410619 0.901099045758577 -1.2841222334259 FALSE ""
900 52 753 1.21494588777311 -3.10770725899996 1.13025965793105 -1.82464473965694 FALSE ""
900 88 754 1.27016955210809 -2.68468100043149 1.40931962157783 -1.68472228051757 FALSE ""
100 77 755 1.28703461798854 -3.06781109423709 1.30325368139876 -2.12598370923711 FALSE ""
600 77 756 1.07271315755383 -2.91581993896331 0.887612731159876 -1.74211273892976 FALSE ""
800 59 757 1.28199714046846 -2.95300075244271 1.32490727883916 -1.81862758646098 FALSE ""
900 21 758 1.18832825896547 -3.23575869193055 1.13509929971627 -1.90256913195835 FALSE ""
900 31 759 1.00467563465653 -2.92232094211598 0.895795192848868 -1.72360126080385 FALSE ""
900 4 760 1.07338846215657 -2.72742173224034 1.26457784577021 -2.21455026090836 FALSE ""
600 38 761 5.02606595655369 -1.37194667478643 5.49517907241033 -0.476547118064128 FALSE ""
1000 57 762 1.18031017607034 -2.78945682046759 1.21010362787402 -1.81877556478332 FALSE ""
500 67 763 1.15465510728987 -2.71317121153304 1.35606906430082 -1.86283022275751 FALSE ""
500 46 764 12.4232282578517 -1.62205265429036 12.8180524182651 -0.306330019126915 FALSE ""
700 98 765 1.07177351633891 -2.94623013247523 1.18806183036557 -2.11052852744962 FALSE ""
300 28 766 1.01498652385114 -2.95741378314919 1.0455153477307 -2.13778677726559 FALSE ""
900 2 767 1.23695453727921 -2.95411206320452 1.35410559798298 -1.95180439580614 FALSE ""
500 5 768 1.35363896567803 -3.09113279535146 1.42038655504869 -1.98580079917826 FALSE ""
300 64 769 1.05181623157398 -3.22426876081528 1.06871378015849 -2.67504728049758 FALSE ""
600 3 770 1.26823841477305 -2.79948917330296 1.26244631084144 -1.62546745373911 FALSE ""
200 87 771 2.97247340884054 -1.67442711123989 3.34483212656232 -0.745749285310859 FALSE ""
50 62 772 0.982867787938315 -2.20664756133074 0.692947930930959 -0.877854399410001 FALSE ""
1000 77 773 1.35316729501158 -2.82765081207059 1.42535281958965 -1.91458409248874 FALSE ""
600 95 774 1.18733387666992 -3.13800070177373 1.06891247010251 -1.81691228723403 FALSE ""
600 28 775 1.31108413563803 -3.0211891585062 1.49781514366018 -2.18404670356604 FALSE ""
200 27 776 1.15307848607304 -2.7590709748336 1.46988169207557 -2.32656234011467 FALSE ""
100 95 777 0.707971072941097 -3.62032724182521 -0.240826608617637 -1.7227192001452 FALSE ""
300 57 778 1.16028558520048 -3.27899232872333 0.933552569753159 -1.7855202542862 FALSE ""
600 32 779 1.12656524970749 -3.0972141407737 1.13143560149494 -2.01396278075829 FALSE ""
300 15 780 1.25102196685635 -3.13117690431808 1.24250029176378 -1.92862520796673 FALSE ""
300 22 781 1.05109455310892 -2.91760779083178 1.38021444266819 -2.49121298477865 FALSE ""
300 83 782 12.1213639456294 -1.5839803686424 12.71725163254 -0.553220997305164 FALSE ""
800 40 783 1.27296475099329 -3.33489705415435 1.32400945009889 -2.31925043975842 FALSE ""
1000 23 784 0.961998014957159 -2.62161598444466 1.00339049376619 -1.90990642233171 FALSE ""
900 76 785 1.18969953013064 -3.43496026104021 1.08463866920656 -2.04394152515428 FALSE ""
800 93 786 1.28059576498742 -2.98788992755542 1.5395970822309 -2.50956437599151 FALSE ""
400 54 787 1.07365307301868 -3.01891403000585 1.23171555898118 -2.27399394877115 FALSE ""
1000 36 788 1.02068917107034 -3.19027312763758 1.09214911359117 -2.26125656463926 FALSE ""
400 38 789 1.23082030299502 -3.25121139574593 1.51451247460936 -2.85539519428745 FALSE ""
600 24 790 1.20252305626919 -3.39102391498381 1.06171733083584 -1.98797139598805 FALSE ""
100 42 791 1.30630837509344 -2.7156436287036 1.51211634588916 -1.67982643960033 FALSE ""
700 46 792 1.26357169159162 -2.7905578679683 1.36803602038118 -1.89761677905745 FALSE ""
100 8 793 1.03402342140397 -4.48396075978353 0.316524894619277 -2.73397174504414 FALSE ""
900 63 794 1.22246146826444 -3.14020971243108 1.2411582128676 -2.02497412284547 FALSE ""
1000 26 795 1.12193189969821 -3.14162147775142 1.0302583585369 -2.00992685284454 FALSE ""
700 25 796 1.29152098206999 -2.79503911951927 1.60345769510449 -2.27750596372725 FALSE ""
100 75 797 NA NA NA NA FALSE ""
200 90 798 8.84251506980925 -1.25328685434385 9.54535635311645 -0.733316803526113 FALSE ""
100 30 799 1.22231075977462 -2.6850910365465 1.39353791018292 -1.81554268109334 FALSE ""
50 95 800 NA NA NA NA FALSE ""
500 25 801 1.23346546877168 -2.94869644666526 1.26164788799956 -1.79495466148387 FALSE ""
100 63 802 12.3814022664242 -1.27087146607502 13.0884007240817 -0.726055826138788 FALSE ""
50 42 803 0.618669837616371 -1.92953056013984 1.42058609199259 -2.20092985985291 FALSE ""
300 47 804 1.09963096023291 -2.60508884835713 1.26668136869751 -1.64366197700693 FALSE ""
700 87 805 1.31294849364938 -3.20527511190321 1.20173502282544 -2.08151599308693 FALSE ""
700 77 806 1.2600519498586 -3.08416157244547 1.14860911225982 -1.97917627573134 FALSE ""
500 80 807 11.5797126381094 -1.57998360258296 12.0718776393216 -0.439405516793629 FALSE ""
700 68 808 1.19178988324383 -2.52883111770593 1.37352010274946 -1.79494990380864 FALSE ""
800 62 809 1.15029801179881 -3.02826177123107 1.29916011100279 -2.28410093278655 FALSE ""
700 69 810 1.29792463371553 -2.88968838331539 1.46467394352651 -2.01285152675403 FALSE ""
1000 62 811 1.20324388329388 -2.59720307865373 1.30303635562902 -1.67868191049959 FALSE ""
700 39 812 1.08206580570913 -2.63211051009706 1.3450176500515 -2.10957159408958 FALSE ""
800 68 813 1.10365843328867 -3.33263422056715 1.03233352228001 -2.35971465045176 FALSE ""
700 80 814 NA NA NA NA FALSE ""
900 51 815 1.09789026011321 -3.37597665280838 0.919038661491809 -1.9299122277188 FALSE ""
400 3 816 1.22959325423536 -2.50149916723713 1.48231465038422 -1.80294844217365 FALSE ""
400 52 817 1.33206206853078 -2.50435536556949 1.44024459763658 -1.69482856206168 FALSE ""
400 15 818 1.37391804933691 -2.86289469593819 1.40945467435985 -1.6952647226862 FALSE ""
300 38 819 NA NA NA NA FALSE ""
500 64 820 2.97792393242301 -1.76937935151977 3.32795961665852 -0.639742540833906 FALSE ""
800 50 821 1.29035110578085 -2.72314052554755 1.51243531669302 -2.13218967313951 FALSE ""
1000 56 822 1.21008072701737 -3.05769570615673 1.44884494459887 -2.44912949899684 FALSE ""
500 96 823 1.13453634303423 -3.14455363621691 1.2734530631899 -2.30039505955045 FALSE ""
900 66 824 1.2823132708893 -3.13900808559422 1.25322552444025 -2.10413194524468 FALSE ""
700 26 825 1.32624611857381 -2.93598770738966 1.45523459143594 -1.81339651949398 FALSE ""
300 43 826 NA NA NA NA FALSE ""
400 90 827 12.5873415131314 -1.37503001844692 13.2132724542064 -0.577377985140656 FALSE ""
50 46 828 -0.398500249948608 -1.33837776303586 0.919238621405932 -3.07553975601164 FALSE ""
500 79 829 6.81657054657425 -1.71875613019582 7.1609999064621 -0.284438643855967 FALSE ""
900 69 830 1.14410644436758 -3.4071745239946 1.1294152983488 -2.43475811018658 FALSE ""
800 81 831 1.1525819713393 -3.22697133366956 1.26223367203358 -2.24629940057556 FALSE ""
200 31 832 1.1165088365132 -3.56012764910387 1.19168764962941 -2.64818063807475 FALSE ""
1000 17 833 1.24473104536322 -3.11119029076677 1.38100536809499 -2.06074829376698 FALSE ""
100 52 834 1.19263068972828 -2.79451380656512 1.35866456390042 -2.4004400126427 FALSE ""
1000 63 835 1.12506791410303 -3.03961989940605 1.11057364490748 -2.01329934320463 FALSE ""
700 75 836 1.14508207673187 -2.66950822424112 1.25126615058161 -1.66777368206897 FALSE ""
700 93 837 1.04448800559383 -2.84340278551479 0.826571961506876 -1.50074188932498 FALSE ""
1000 72 838 1.19009684650189 -2.71904288360299 1.32652218378203 -1.74024146861425 FALSE ""
1000 65 839 1.19531083806978 -2.96273774114598 1.32206850941119 -1.95233755348224 FALSE ""
1000 90 840 1.32491688690981 -3.17418894617912 1.42975783083752 -2.25647722405303 FALSE ""
100 90 841 2.95016882472989 -1.67369769896599 3.20717785374085 -0.366588467689182 FALSE ""
400 62 842 NA NA NA NA FALSE ""
500 50 843 1.03349047199118 -3.04978306271581 0.874799664453234 -2.10527105117394 FALSE ""
600 67 844 1.2643622287248 -3.16321459435938 1.26936136524536 -1.61124498593035 FALSE ""
500 7 845 1.15420342742117 -2.97519838453532 1.24541407144754 -2.17003480174641 FALSE ""
900 95 846 1.36079986900756 -2.92620082610201 1.31510962988127 -1.71714745733347 FALSE ""
1000 47 847 1.23279096137342 -2.84096955833225 1.38580475696892 -2.05239563634124 FALSE ""
400 26 848 NA NA NA NA FALSE ""
700 1 849 1.19825113818925 -2.83888962942609 1.35345735643298 -1.94549683348322 FALSE ""
600 88 850 1.10429029924343 -2.86378923466007 1.08310495218477 -1.68718970072809 FALSE ""
50 15 851 NA NA NA NA FALSE ""
900 75 852 1.2705606614929 -3.09689101644586 1.16111059411219 -1.64210929712031 FALSE ""
100 33 853 1.03664583566637 -1.753987034423 1.38081475361795 -1.72344481724927 FALSE ""
500 78 854 1.27584920515715 -2.68001728491053 1.24095612089911 -1.46217879746365 FALSE ""
500 6 855 1.09576150830473 -2.73102502074501 0.886841729400997 -1.48270284867732 FALSE ""
100 73 856 1.22415487214857 -3.20730475153457 1.4749940413211 -2.43811406344022 FALSE ""
400 23 857 1.15081991653018 -3.37881778620431 1.11824705400867 -2.31483453745602 FALSE ""
300 98 858 NA NA NA NA FALSE ""
1000 45 859 1.29969949733687 -3.21903954860373 1.44109086295021 -2.11686988778903 FALSE ""
1000 82 860 1.16739819186005 -3.28529056845233 1.19327171085775 -2.16021675655246 FALSE ""
700 30 861 1.16534510605475 -2.75445951752401 1.36084204680435 -2.14831540434798 FALSE ""
100 80 862 1.07920726360605 -3.67212430857361 0.479251458545291 -1.96670306723529 FALSE ""
300 99 863 10.7257833370142 -1.35160159321273 11.3172089637295 -0.538839719711233 FALSE ""
900 10 864 1.10701511975811 -2.6285261896561 1.39516317776446 -2.12795893824381 FALSE ""
700 23 865 1.2167349856663 -2.85562703276551 1.2793787499087 -2.10113141344244 FALSE ""
800 80 866 0.937773379613702 -2.74464850324874 0.866992255557767 -1.73290940009186 FALSE ""
300 2 867 1.27108465412355 -3.07446716612502 1.17753822470421 -1.61098087834538 FALSE ""
100 51 868 NA NA NA NA FALSE ""
700 4 869 1.26070308581318 -2.93506945471054 1.16209645308616 -1.63368592820141 FALSE ""
1000 5 870 1.10462506463077 -2.9405842231294 1.14519068196465 -2.07648066586609 FALSE ""
600 1 871 1.14985418913532 -2.68783753743464 1.19800169683819 -2.16190561456209 FALSE ""
1000 52 872 1.28125524673956 -3.03334913975202 1.20949529437158 -1.93521181569105 FALSE ""
600 76 873 1.1978771526224 -2.91100303780341 1.15725473827823 -1.7202392719089 FALSE ""
300 11 874 1.07921339827606 -2.92852847512767 1.28581986561989 -2.24374932461714 FALSE ""
1000 53 875 1.21325318502491 -3.01573676578858 1.34212929326034 -2.11212097625573 FALSE ""
1000 100 876 1.12550431944217 -3.0912115148474 1.26565199606179 -2.38176778336919 FALSE ""
900 65 877 1.18319677469255 -3.52283157238244 1.12878526551118 -2.07404548721071 FALSE ""
600 25 878 1.22504555967619 -2.64129311028102 1.37231511895967 -1.83705174303778 FALSE ""
100 84 879 12.5160122476845 -2.24069989479188 12.8356382614115 -0.400390944568987 FALSE ""
100 97 880 1.08547752641834 -2.38152871706013 1.17956282457498 -1.53793282723547 FALSE ""
900 1 881 1.22650848320451 -3.36578965400291 1.14058893130407 -2.09569687060499 FALSE ""
1000 50 882 1.19707755298955 -2.92050453887235 1.18575411773571 -1.76233638663869 FALSE ""
50 14 883 1.54232163439053 -5.31985505560083 1.30127286356344 -4.0894878536769 FALSE ""
50 27 884 12.3800030997149 -2.09218437087545 13.0514014351439 -0.88233773475059 FALSE ""
50 23 885 1.44813257108411 -2.28377456200744 1.77301699803295 -1.38966767412969 FALSE ""
300 89 886 1.47752336742888 -3.69223015388623 1.49285091038292 -2.59552998099933 FALSE ""
700 64 887 1.27904082428416 -2.83692001585638 1.54346452855799 -2.16187745410226 FALSE ""
700 59 888 1.27169982408853 -2.94423563794772 1.40680359483065 -2.13639141638018 FALSE ""
200 52 889 4.29399645205927 -1.65978138742311 4.70970157770434 -0.478953065931684 FALSE ""
600 98 890 1.25489640486003 -2.53375102159222 1.30005820995758 -1.61446257910644 FALSE ""
400 46 891 1.24325669156043 -2.8557762302752 1.47629475470535 -2.25063820609371 FALSE ""
50 3 892 NA NA NA NA FALSE ""
300 42 893 1.26107333674944 -3.58964165161307 1.14052642109304 -2.57392312413282 FALSE ""
1000 19 894 1.29255318788843 -2.94425668798164 1.30694587246544 -1.8341851492656 FALSE ""
500 99 895 1.1554692429981 -3.42937530369633 1.35070550937598 -2.95117952859561 FALSE ""
1000 66 896 1.35353269236703 -2.8995276305549 1.3577831908952 -1.64204606895287 FALSE ""
200 16 897 1.16257544746814 -3.55633457248479 1.2107370343202 -2.85645787660178 FALSE ""
900 54 898 1.03300804306961 -3.15690748835314 0.913370069652184 -2.15441222497899 FALSE ""
700 37 899 1.12223799028031 -3.20186476652955 0.904121990838752 -1.90056109806424 FALSE ""
50 83 900 1.33312837155497 -6.38432101180013 1.21811690717138 -4.75393032549612 FALSE ""
200 35 901 6.0755903247518 -1.30536309473461 6.77435712177902 -0.679581864030314 FALSE ""
500 15 902 1.27257509186537 -3.26580469366734 1.59662391007463 -2.76041052037947 FALSE ""
800 16 903 1.12602458057677 -2.75825292305531 1.0649964994928 -1.58893678668378 FALSE ""
50 99 904 1.14203326088916 -2.62062381006032 1.53739220779715 -2.731923120019 FALSE ""
50 74 905 1.32023480334307 -2.66495464225154 0.955898395317108 -1.12564254986915 FALSE ""
800 66 906 1.15719794958817 -3.19015782648735 1.14597352369482 -2.09704325216455 FALSE ""
500 70 907 1.14238512231318 -3.2445370631303 1.20642596264601 -2.31884007513201 FALSE ""
100 37 908 1.18968121609738 -3.03161858225561 1.45932927954603 -2.62686214111935 FALSE ""
800 61 909 3.50811719008225 -1.57363603802117 3.97061584454219 -0.611467828332082 FALSE ""
300 95 910 1.10592882790553 -2.64795750655384 1.5616007376686 -2.41930295527104 FALSE ""
600 37 911 3.73355035265611 -1.58418473496638 4.26237134214445 -0.6558312792661 FALSE ""
900 24 912 1.15227253798755 -2.9267042963736 1.01758286050378 -1.69726786486234 FALSE ""
500 43 913 1.22325819932029 -3.35187207495652 1.10185854936487 -2.27059923307342 FALSE ""
600 53 914 6.71327168520146 -1.36513715326412 7.34096958092584 -0.61436690687521 FALSE ""
100 96 915 1.27839725339972 -3.41996157584165 0.685169961819227 -1.46173053964386 FALSE ""
1000 60 916 1.24498424314057 -2.81729250064031 1.44938507644426 -1.97360945930137 FALSE ""
1000 12 917 1.20767512364075 -2.82559139586336 1.36208275183918 -1.92099309262302 FALSE ""
200 23 918 1.01682024240783 -2.83960815542551 0.957703045531265 -1.73583528486429 FALSE ""
500 85 919 1.03893335485857 -3.23246080807736 1.16107570698304 -2.46242895331648 FALSE ""
900 60 920 1.14075039653038 -3.09594074238505 1.19932051694705 -2.11582489455994 FALSE ""
700 7 921 1.34731338833556 -3.16829270598391 1.25125543768159 -1.90625299114761 FALSE ""
600 46 922 1.18816730796589 -3.46250718635672 0.97649859832051 -2.13305102430502 FALSE ""
600 16 923 1.28312455186092 -3.05930239475041 1.22115718379167 -1.70015765424235 FALSE ""
200 12 924 1.2699115301444 -3.61421086539257 1.28025619777944 -2.42863356285138 FALSE ""
500 58 925 1.14980477044801 -2.73857063016237 1.1584510821062 -1.87422209428891 FALSE ""
200 26 926 1.03278057519255 -2.72599958042901 1.12640279090366 -1.90649832844077 FALSE ""
1000 73 927 1.18174345973353 -3.00312015535047 1.27660014561078 -2.24826514121841 FALSE ""
800 4 928 4.44684622551995 -1.52109301985291 4.89962848805717 -0.487847193570114 FALSE ""
300 48 929 1.22282013802854 -3.80142092549325 0.570447489969138 -1.60361319758657 FALSE ""
600 89 930 4.70599296341914 -1.54657544025492 5.10146108891187 -0.38628221209689 FALSE ""
300 77 931 1.2118741301672 -2.80538477155005 1.27497968024994 -2.03747069036067 FALSE ""
900 19 932 1.16095277831447 -3.37590984487538 1.15358087897232 -2.0753166584109 FALSE ""
700 58 933 1.2733828377113 -3.15940609777354 1.46692295574383 -2.43897791305894 FALSE ""
200 57 934 1.10502610942418 -2.97150235418873 1.12274694864608 -2.44912894414537 FALSE ""
800 7 935 1.11156936611625 -3.41958354323899 1.25700678401759 -2.76243490153381 FALSE ""
400 17 936 0.985333030687025 -3.34203113066645 0.630164805368398 -1.83836411212576 FALSE ""
500 72 937 1.04306942477602 -2.90612889382986 0.896572285425347 -1.86781553630172 FALSE ""
400 57 938 1.20374306030585 -2.67568381313916 1.38243964303205 -2.01369269449906 FALSE ""
1000 34 939 1.18579844462076 -2.84587213850711 1.30301097765819 -2.07401035975778 FALSE ""
400 32 940 1.1424015300671 -3.2086909121344 1.30160643935323 -2.69748832126648 FALSE ""
600 59 941 1.27250060805619 -3.02237058589668 1.0833711795502 -1.51269676749603 FALSE ""
1000 79 942 1.2253904489353 -2.84771687259325 1.27818588196196 -1.80223607339676 FALSE ""
1000 85 943 1.31017879553895 -2.91626457431651 1.42352814013921 -1.9457695081739 FALSE ""
50 69 944 1.02206943601749 -5.65779122275274 0.451607780907631 -3.06182483223297 FALSE ""
1000 81 945 1.12906502876884 -3.22956878780744 1.10407333333969 -2.15093929958063 FALSE ""
400 10 946 6.75063878635627 -1.55494238603316 7.23921828359681 -0.49353218286387 FALSE ""
600 90 947 1.13621061525582 -2.87683480337531 1.08543665405031 -1.87141791123352 FALSE ""
200 24 948 0.954838740638497 -3.31632351454764 0.844726473198216 -1.9389222504874 FALSE ""
500 68 949 1.10063140543303 -3.00158793859991 0.974357671727134 -1.77847661815493 FALSE ""
400 73 950 1.14132052688309 -2.96895803036731 1.27116995917947 -2.3838124836246 FALSE ""
300 32 951 10.0999967652648 -1.42033477739274 10.5855693779202 -0.447323983592369 FALSE ""
600 84 952 1.21222207562556 -3.22137840425347 1.20434824625099 -2.22560756863679 FALSE ""
500 52 953 1.31106809973393 -3.00886098918261 1.37412869549216 -1.94881525796325 FALSE ""
600 50 954 1.1704463165153 -3.54400027798066 0.989628047083425 -2.20615616523299 FALSE ""
100 31 955 0.881024795531857 -3.73392331686378 0.720670854995453 -2.61008666140431 FALSE ""
50 86 956 NA NA NA NA FALSE ""
1000 97 957 1.24644634212752 -2.7556213881638 1.22740442444179 -1.7475738312508 FALSE ""
600 30 958 1.25236141965873 -2.74723312333138 1.29241963091408 -1.55584653140592 FALSE ""
800 11 959 1.18653482078994 -3.05288916547587 1.40131722924578 -2.30180167650397 FALSE ""
900 90 960 1.12822868513 -3.03337163577264 1.1270274811521 -1.94857589029532 FALSE ""
500 53 961 1.22344216043245 -3.14251972225141 1.2376276662428 -1.96551454718473 FALSE ""
1000 78 962 1.30579436033054 -3.20758966304541 1.11194288449694 -1.57677697712199 FALSE ""
200 82 963 1.1749072091287 -2.43874893221487 1.32222780512035 -1.86828876149931 FALSE ""
500 73 964 1.21232424451198 -3.29322773269354 1.17512526609413 -1.96642168587651 FALSE ""
700 49 965 1.33382723479737 -2.65532697319799 1.43944469985495 -1.77094056238404 FALSE ""
700 57 966 1.35490772019332 -2.98244743631145 1.31161334663707 -1.87256053703447 FALSE ""
500 13 967 1.22459804270829 -2.93220376874215 1.37272634621963 -2.20769921194131 FALSE ""
800 20 968 NA NA NA NA FALSE ""
1000 71 969 1.01990589384964 -3.16211069413461 1.0598539376067 -2.26769384763788 FALSE ""
1000 58 970 1.27048446996989 -2.83384824848613 1.33873474046314 -1.90872342648905 FALSE ""
600 44 971 1.24359400969822 -3.06944193744032 1.41860485612393 -2.3091678483045 FALSE ""
100 65 972 1.19524479820445 -3.27913204192723 0.909704284232735 -2.27912379952967 FALSE ""
600 19 973 0.991960173375612 -3.05165734945607 1.03081871061675 -2.28799514417701 FALSE ""
900 32 974 1.06741548498019 -3.09573291878089 1.07419299230294 -2.15860920534201 FALSE ""
900 73 975 1.27844884067879 -3.16253930321489 1.3200463732529 -2.21102180558451 FALSE ""
200 74 976 1.19499009214211 -2.72924158201107 1.07571916624621 -1.20425616680056 FALSE ""
100 13 977 0.804583291976117 -2.83492339065733 0.850389713933362 -1.84414168129586 FALSE ""
900 37 978 NA NA NA NA FALSE ""
700 92 979 1.12363002495652 -3.47497774350097 0.955433112900949 -2.17653722400468 FALSE ""
50 56 980 0.578345509347834 -2.12377007758504 2.001497073991 -3.91639938866625 FALSE ""
200 1 981 NA NA NA NA FALSE ""
1000 54 982 1.19252560904015 -3.24711853341074 1.05269099118733 -1.88897717513172 FALSE ""
400 91 983 1.0846685313487 -3.15867349648956 1.2135962155317 -2.49830738778729 FALSE ""
200 15 984 1.11076646103127 -2.82738570589581 0.947596165255677 -1.35543338246957 FALSE ""
900 57 985 1.24789106379242 -2.98411034999006 1.14854386957194 -1.68896217651979 FALSE ""
700 5 986 1.19533712584757 -3.47607405300309 1.16648511404227 -2.37811700763976 FALSE ""
500 17 987 1.18903586876239 -3.0905630624679 1.18156839265983 -2.09957816583584 FALSE ""
700 79 988 1.33358326152509 -2.73844641995072 1.42380480970019 -1.7295446091583 FALSE ""
200 62 989 1.21632539315781 -3.10663422168333 1.16272713572121 -1.92408366915414 FALSE ""
900 77 990 1.08678664976602 -2.85005864125095 1.39052601051049 -2.29261091645099 FALSE ""
900 83 991 1.32287309568433 -2.90001509067672 1.52861434492751 -2.04040553073162 FALSE ""
50 43 992 5.07159732657241 -1.57828028866935 5.72528085279719 -0.797475328756613 FALSE ""
700 11 993 1.29550667333606 -2.81670886152343 1.31776680206635 -1.76978450440849 FALSE ""
1000 93 994 1.20909689412669 -3.18578819003203 1.29456582932673 -2.32064002253247 FALSE ""
50 85 995 NA NA NA NA FALSE ""
900 29 996 1.18029968830143 -2.76170913189341 1.44468494915124 -2.20927295588278 FALSE ""
200 30 997 1.36197525160902 -3.05877280278409 1.33754605648498 -2.05930856126468 FALSE ""
400 85 998 1.15897975812321 -3.2271520744599 1.17829183530222 -2.2821918666171 FALSE ""
100 89 999 1.09199326866239 -2.05219193465866 1.62983863009227 -1.87981029375762 FALSE ""
700 78 1000 NA NA NA NA FALSE ""
400 76 1001 1.14249143566581 -2.81547928600203 1.51671244300801 -2.27752966275403 FALSE ""
900 70 1002 1.11185961272439 -3.5229410200012 0.91821046675373 -2.39663948071687 FALSE ""
100 66 1003 1.38869489198439 -2.8215768670434 1.662207517281 -2.4291427501578 FALSE ""
300 92 1004 NA NA NA NA FALSE ""
200 89 1005 1.35474449269989 -2.79308837689589 1.23658051666781 -1.57694033119271 FALSE ""
900 42 1006 1.20731708573161 -2.83076924547072 1.54462725670373 -2.45552872969474 FALSE ""
50 76 1007 1.41679946807394 -3.17603382448873 1.84143201684346 -2.37079665509768 FALSE ""
100 98 1008 NA NA NA NA FALSE ""
900 14 1009 1.19670818016431 -2.9387238279644 0.934821741020046 -1.48381204749584 FALSE ""
500 57 1010 1.07602074767115 -2.84233277532141 1.22392381394176 -2.09040891630097 FALSE ""
600 23 1011 13.6341157942431 -1.47077353315674 14.0616458385405 -0.292306471535244 FALSE ""
50 64 1012 NA NA NA NA FALSE ""
600 72 1013 1.25023477428874 -2.95592185137095 1.3775756034161 -2.06264396427986 FALSE ""
100 6 1014 0.793856128049233 -2.87120986033167 0.862577286441987 -1.93880387944177 FALSE ""
400 53 1015 1.24835539947583 -2.85779781095054 1.26870398878434 -1.4865052401647 FALSE ""
800 15 1016 1.16997229167246 -2.95284191141241 1.33086190011093 -2.14485956212802 FALSE ""
300 33 1017 1.21383945688139 -2.73355716551865 1.53847969419251 -1.97431061302444 FALSE ""
600 48 1018 1.245570005724 -3.29952213970228 1.1436383256597 -1.97512567990246 FALSE ""
500 16 1019 NA NA NA NA FALSE ""
50 90 1020 1.09002528347714 -1.30704987389729 1.47128956897373 -0.750561803273524 FALSE ""
500 37 1021 1.12611251508976 -3.11024215391721 1.08903307559785 -1.97609613866434 FALSE ""
900 15 1022 1.39429978432514 -2.97402097464112 1.55941249354401 -1.95328580659608 FALSE ""
300 68 1023 4.38485017417658 -1.37185274999843 4.91429478009098 -0.610600584209923 FALSE ""
800 19 1024 1.23818986012583 -2.77946198784429 1.4639334375671 -2.05282139997448 FALSE ""
400 49 1025 1.17901900032318 -2.83726792828119 1.26886614683964 -2.13613546999832 FALSE ""
500 95 1026 1.11924113456926 -2.80929754332829 1.46339355745832 -2.25127576708684 FALSE ""
400 24 1027 1.39117021153577 -2.76435299290327 1.40011649988283 -1.62691196143135 FALSE ""
400 39 1028 NA NA NA NA FALSE ""
400 9 1029 NA NA NA NA FALSE ""
600 66 1030 1.08227011433164 -2.7959062211211 1.05308591070993 -1.88934231116063 FALSE ""
800 44 1031 1.03660751296946 -3.00116431938002 1.05652675437996 -2.11156445568422 FALSE ""
500 29 1032 NA NA NA NA FALSE ""
50 93 1033 2.41346929567567 -2.16623672606381 2.56543840521893 -0.603398492336374 FALSE ""
700 96 1034 1.22838470872752 -2.83958611649271 1.29999337013628 -1.80736793699969 FALSE ""
300 73 1035 1.05674461327721 -2.5146516248973 0.961706375700982 -1.18819046643761 FALSE ""
50 51 1036 0.852490205921496 -2.22456785716659 1.2278786499185 -2.63248264098614 FALSE ""
700 45 1037 1.27788044694084 -2.90154304452339 1.36420438862709 -1.84290859752718 FALSE ""
800 97 1038 1.1896624550935 -3.05919589210903 1.46449466981398 -2.53566955806163 FALSE ""
300 63 1039 1.31273781076905 -2.73618740428079 1.33817251142679 -1.82750705589493 FALSE ""
400 93 1040 5.42436538781299 -1.51023337336268 5.89679016524406 -0.46392985953945 FALSE ""
600 45 1041 1.33147729653423 -2.67342377182018 1.51110784231375 -2.06262707648549 FALSE ""
200 39 1042 1.27838585168304 -3.05231463925075 1.48498712047869 -2.08427734344759 FALSE ""
50 98 1043 0.724601461307777 -3.5897450682835 1.49205065129994 -3.29035978393316 FALSE ""
1000 91 1044 1.16904431241709 -3.138727701685 1.14322359774255 -2.36236274087854 FALSE ""
200 80 1045 0.862193960303142 -2.75172861897276 0.796692753663374 -2.11007341280191 FALSE ""
900 92 1046 1.23792576065959 -3.30216380564559 1.15643979946123 -1.99853375511032 FALSE ""
900 8 1047 1.27918270435043 -3.28983707228977 1.15918167301924 -2.29063726284051 FALSE ""
50 32 1048 1.05833845110599 -2.53856971537202 1.28739505894393 -2.36486180202851 FALSE ""
1000 75 1049 1.09768388131965 -2.86198505561548 1.19729933817847 -1.96431715808535 FALSE ""
200 86 1050 1.14639650126204 -2.50362872408718 1.48231370727816 -2.14563921090794 FALSE ""
50 29 1051 1.28392454641965 -3.11855117502164 0.607746239706557 -1.12244001500766 FALSE ""
300 49 1052 1.18223374926391 -3.31654135952332 0.972449396127082 -1.6896330943956 FALSE ""
50 9 1053 9.82964301612343 -1.28271438382287 10.5368543755965 -0.795213725694157 FALSE ""
300 66 1054 3.50080551950755 -1.80425836609027 3.94573376467325 -0.721985947493717 FALSE ""
1000 86 1055 1.38060076220185 -2.99178417286581 1.46316778277442 -1.83808123290096 FALSE ""
300 75 1056 1.36642533054486 -3.09471655920732 1.25053082021672 -1.7012465377918 FALSE ""
400 88 1057 0.95630088475079 -3.33176849261546 0.74172015057211 -2.04595669461755 FALSE ""
300 19 1058 1.02217776772319 -3.54230792596489 0.700996308067138 -1.96352706210145 FALSE ""
500 86 1059 1.2033407271993 -2.5604169492113 1.44341918326231 -1.88977093170021 FALSE ""
900 38 1060 1.12746130896295 -3.31896297442652 1.04764018217388 -2.15828647086929 FALSE ""
500 40 1061 1.25492771552164 -2.7521143918913 1.82517295468473 -2.51481076934225 FALSE ""
300 72 1062 36.0995995742554 -1.67247119472796e-14 36.8263007943134 -2.60952570881461e-16 FALSE ""
50 24 1063 12.5641549066609 -1.7658085349991 13.199656997464 -0.793906044677267 FALSE ""
1000 7 1064 1.14435679529092 -2.96512669051426 1.21133205430059 -2.16565950116699 FALSE ""
600 31 1065 1.13922129779134 -3.06395183311782 1.18806195744764 -2.28389124545036 FALSE ""
200 94 1066 0.892452174063258 -3.07112404168182 1.14993251634498 -2.37912479215718 FALSE ""
800 3 1067 8.28184897135954 -1.49221167261802 8.80928538864074 -0.50192212627997 FALSE ""
500 38 1068 1.31510829950625 -3.050259752612 1.19301680823096 -1.60917227291543 FALSE ""
200 13 1069 1.14786767249332 -3.54644221330874 0.482484712098583 -1.58641833505381 FALSE ""
400 67 1070 1.24449697885966 -2.91242178389294 1.61245757483607 -2.41811664780809 FALSE ""
50 12 1071 0.961071385551586 -3.10108150875005 0.713122082660848 -1.41766028900669 FALSE ""
800 57 1072 1.05799600488149 -3.24137642685088 1.31178559373356 -2.48569807245352 FALSE ""
600 47 1073 0.990326538837902 -3.05944822290037 1.00763184194847 -2.14443003585187 FALSE ""
1000 11 1074 1.09809251077576 -2.8394029398535 1.22961388951067 -1.96971646569908 FALSE ""
50 70 1075 NA NA NA NA FALSE ""
1000 8 1076 1.20375905182446 -3.44642889500166 1.31988216915669 -2.41549615852991 FALSE ""
100 62 1077 NA NA NA NA FALSE ""
300 30 1078 0.999601445845132 -2.99066775431866 1.1477746061386 -2.5847517992997 FALSE ""
700 81 1079 1.09040614624935 -3.15757305472673 1.13408463110344 -2.25436417119054 FALSE ""
900 46 1080 1.29709873468705 -3.20781647339029 1.30449430171504 -1.85098665816984 FALSE ""
400 98 1081 1.06751785783758 -3.31557742478753 1.38617159389166 -2.82866395484473 FALSE ""
600 92 1082 1.34672866819343 -2.81264133748173 1.1581369328662 -1.36684364958399 FALSE ""
1000 4 1083 1.37011560696492 -2.89871671700059 1.35736919522915 -1.67168176869075 FALSE ""
50 55 1084 0.525432865658988 -3.23178915317738 0.379396138516092 -4.50396230615658 FALSE ""
700 71 1085 1.0866897062528 -3.11053283119585 1.02938027140739 -2.28558817986229 FALSE ""
600 18 1086 1.17681145564152 -3.45925969434618 1.1723589377894 -2.50335362523481 FALSE ""
1000 38 1087 1.24676980951406 -2.6233596309764 1.37717971644458 -1.75106978237139 FALSE ""
900 43 1088 13.2913885776711 -1.44654967648688 13.822689280635 -0.476299623604888 FALSE ""
600 55 1089 1.20579108207899 -3.22374335746409 1.18183743412473 -2.11161866799606 FALSE ""
400 5 1090 1.24548834364087 -3.01080184641192 1.19940579385251 -1.97475872376535 FALSE ""
500 18 1091 6.64464979342353 -1.56213641566085 7.11178661138992 -0.389728641490973 FALSE ""
800 76 1092 1.21208442989634 -2.9134625971836 1.17879984476492 -1.79214856399384 FALSE ""
200 59 1093 1.03744827679365 -2.36484278568682 0.965714580673216 -1.43472749814095 FALSE ""
700 40 1094 1.25428945193562 -2.9068671337845 1.47070972272193 -2.38644615328962 FALSE ""
300 88 1095 1.03686033428434 -2.69679716498114 1.02643083101063 -1.56936274440601 FALSE ""
100 79 1096 1.40447731448793 -3.05041321131906 0.781191328192172 -1.27857651047851 FALSE ""
600 78 1097 1.23714269927766 -2.83778885732616 1.34590447659307 -1.87710249144856 FALSE ""
800 26 1098 1.23484932246578 -3.40629277455264 1.15376367482585 -2.57576741360759 FALSE ""
800 98 1099 1.19833509378453 -2.93069743525812 1.28234668916858 -2.17639289452005 FALSE ""
50 92 1100 5.2829687253697 -2.06484370191346 5.68173552978585 -0.393945650022813 FALSE ""
