"n" "rep" "id" "b0_mu_hat" "b1_mu_hat" "g0_si_hat" "g1_si_hat" "error" "errorMessage"
400 78 1 1.22099869036598 -2.42758729868762 1.47918612017446 -1.70518800000331 FALSE ""
1000 13 2 1.20197482174356 -2.95728381393426 1.22541714217613 -1.82569249229475 FALSE ""
300 61 3 1.17313881164679 -3.19101191587165 1.42302423547357 -2.2591247731179 FALSE ""
300 80 4 1.19601415076146 -2.88960639740853 1.11262016539246 -1.73521420320931 FALSE ""
700 2 5 1.20084471180798 -2.88761191910277 1.35760354566533 -2.08097790332662 FALSE ""
600 35 6 1.30185507977432 -2.96843137672732 1.42995313427608 -1.93714443710015 FALSE ""
800 22 7 1.1808589274098 -2.97798394090443 1.08803464880807 -1.56268800747409 FALSE ""
1000 44 8 1.26668077164431 -3.22394729627826 1.20641156498813 -1.76582183800643 FALSE ""
100 35 9 1.04152184063533 -3.1171661117369 1.04628606795833 -2.23587685569679 FALSE ""
400 49 10 1.18957856428216 -3.1481044594031 1.15999626038868 -1.93681008516819 FALSE ""
100 83 11 1.09522419104837 -3.97867787590135 0.295185576018289 -2.73398519577394 FALSE ""
100 20 12 1.14131867662336 -2.84220621325391 1.14856265941125 -1.99527662807313 FALSE ""
100 61 13 1.39016002461875 -3.48753234093059 1.35593130660878 -2.49351198855111 FALSE ""
700 1 14 1.25572092968823 -2.91714177416797 1.13093251589486 -1.51614361177733 FALSE ""
900 28 15 1.33509431145989 -3.06975226507735 1.57597981434646 -2.29433018083314 FALSE ""
700 9 16 1.11328405501922 -3.02539775999192 1.09643991250663 -1.98022103059047 FALSE ""
600 73 17 1.28430652365342 -2.63121972251798 1.35105058752255 -1.58777951792348 FALSE ""
500 44 18 1.27240599835798 -2.85626821728803 1.33034440479974 -1.89152941824721 FALSE ""
900 41 19 1.22950681612906 -3.04179706916813 1.34163904032242 -2.0881050000301 FALSE ""
1000 45 20 1.3390046798471 -3.08100682274131 1.62592412601844 -2.35052661850955 FALSE ""
600 56 21 1.1085897128542 -2.86715124226047 1.27624643068474 -2.10968385030257 FALSE ""
400 84 22 1.17103002486725 -2.5719925266295 1.44248594851778 -2.22542314792115 FALSE ""
300 68 23 1.25077756589476 -3.23113103992888 1.49102912506399 -2.2288848453056 FALSE ""
200 34 24 1.00206428643238 -2.58256578863231 1.18386598355042 -1.6932589268451 FALSE ""
900 4 25 1.30703277894491 -3.28741647628163 1.15504212452442 -1.9009346367369 FALSE ""
800 19 26 1.20937862991527 -2.93301381653508 1.18762324589256 -1.79618666550657 FALSE ""
900 10 27 1.18147260449889 -3.18497894672867 1.18010088450616 -1.83752628325218 FALSE ""
700 73 28 1.31071046896137 -3.02746658444497 1.10429047492462 -1.63031281339659 FALSE ""
200 38 29 0.889105449587936 -2.66262443567469 1.32328281926978 -2.24407024313605 FALSE ""
100 60 30 NA NA NA NA FALSE ""
600 50 31 1.31830112353483 -3.01642365609953 1.51710856583607 -2.17996533542888 FALSE ""
900 29 32 1.21122802047175 -3.15324550076031 1.36162604391497 -2.21878836413103 FALSE ""
900 36 33 1.14951312686115 -2.90813994443308 1.36071698812641 -2.47406814554369 FALSE ""
900 20 34 1.21926530766243 -3.01660922618998 1.23466461238129 -1.91906076928548 FALSE ""
300 79 35 1.27676078419204 -3.7658625669648 1.32094945924458 -3.07962283294861 FALSE ""
1000 84 36 1.2460307185983 -3.13417214675099 1.02914202740222 -1.65197199549789 FALSE ""
100 79 37 0.830721870927596 -3.85579477972405 1.09783573571311 -3.80201334199098 FALSE ""
200 79 38 1.04646268120627 -2.92078423058962 0.881030493819525 -2.36883445934546 FALSE ""
500 38 39 1.20531707267348 -3.12086124089722 1.65707150786413 -2.61225479787673 FALSE ""
600 52 40 1.27301809906685 -2.71315212284186 1.30852260992901 -1.5054236545334 FALSE ""
800 10 41 1.20441007558607 -3.23492573214333 1.06348289500793 -2.03979074601399 FALSE ""
100 55 42 NA NA NA NA FALSE ""
600 54 43 NA NA NA NA FALSE ""
500 75 44 1.1956118491786 -2.96285662147255 1.27284327027312 -2.04455114030978 FALSE ""
400 76 45 1.10305497654146 -3.44032256712683 0.877485113681746 -2.11200897816763 FALSE ""
600 36 46 1.11752331582267 -2.8161772091385 1.06001313750222 -1.56312840438535 FALSE ""
400 65 47 1.13907270013231 -2.973936699813 1.15164747488588 -1.92753167786757 FALSE ""
200 20 48 NA NA NA NA FALSE ""
300 83 49 0.865906586586476 -3.16270498094556 0.867809824797552 -2.42768185268983 FALSE ""
800 68 50 1.10678743687775 -2.81869674853599 1.17660406566285 -1.76791085380848 FALSE ""
200 80 51 1.21265892891166 -3.08085974521694 1.41886685320294 -2.32094952365214 FALSE ""
100 48 52 NA NA NA NA FALSE ""
700 86 53 1.10100859154894 -3.01659734316494 0.981580955101997 -1.91047715482321 FALSE ""
400 73 54 1.29212608043318 -3.34608554618922 1.49467097300317 -2.50564960675124 FALSE ""
800 31 55 1.28434665807624 -3.171560489297 1.37393161198353 -2.12028294917522 FALSE ""
100 12 56 1.04450744091396 -2.31742501095444 1.30385353705998 -1.59268070194302 FALSE ""
600 10 57 1.18050880233528 -3.14713068775311 1.09783230148423 -1.68659170616825 FALSE ""
1000 89 58 1.32838167074833 -2.71348879927767 1.5186502698842 -1.89113803457965 FALSE ""
300 72 59 0.999700015333488 -3.46115174501988 1.32642980099105 -2.91918184671448 FALSE ""
900 21 60 NA NA NA NA FALSE ""
100 88 61 1.34155476850675 -3.37906245734989 1.39190350801617 -2.60622307679072 FALSE ""
800 81 62 1.05033094901962 -3.23644178179806 1.02990394230934 -2.19786188558052 FALSE ""
700 39 63 1.08884407567095 -3.25998569640635 1.08766046079125 -2.09708251743408 FALSE ""
1000 78 64 1.19714219080805 -3.07954379724374 0.968908392747846 -1.869698561869 FALSE ""
1000 29 65 1.38316300815585 -2.818457629033 1.61375844928721 -2.01247547437525 FALSE ""
400 72 66 1.02158269972325 -2.77713508408028 1.30361252342929 -2.66193033271435 FALSE ""
500 29 67 1.24167087699065 -2.70626032949338 1.28419439659718 -1.57823125300474 FALSE ""
800 71 68 1.31996521128882 -2.84439646600834 1.38453694053806 -1.81159624593481 FALSE ""
200 40 69 12.1670743183798 -1.73938724324508 12.5435925704484 -0.30192901094776 FALSE ""
600 81 70 1.27503416698592 -3.16906993903248 1.27206310938261 -1.9186020588925 FALSE ""
800 55 71 1.25202231526727 -3.11692870402199 1.39771965110223 -2.24277379354858 FALSE ""
400 6 72 1.27434014831021 -2.98593829545075 1.44738591991538 -2.29863085841794 FALSE ""
700 62 73 1.10049131414014 -2.53488830690541 1.23726738376332 -1.97083631817806 FALSE ""
400 67 74 1.19482257803956 -3.32041910936491 1.2019082046967 -2.24542262594837 FALSE ""
100 46 75 1.31704551243643 -3.15605815847678 0.909814168128394 -1.77872156221563 FALSE ""
1000 58 76 1.22148818626886 -2.76971761012604 1.2368614491729 -1.69144403188758 FALSE ""
500 60 77 1.08736335537859 -3.54679393667423 1.07224803088872 -2.52672656755935 FALSE ""
100 42 78 4.6871496865816 -1.65211686394126 5.19069096323707 -0.549110874758484 FALSE ""
600 25 79 1.20842489072956 -3.37006284627757 1.28067923781793 -2.31349365016356 FALSE ""
600 1 80 1.17926198793119 -3.26596840803847 0.950492052157206 -1.82662729095767 FALSE ""
900 50 81 NA NA NA NA FALSE ""
600 62 82 1.07060200166313 -2.50312272623733 1.15005939909398 -1.91425681769976 FALSE ""
100 58 83 NA NA NA NA FALSE ""
1000 74 84 1.27830883898467 -2.83264189045774 1.28836557944946 -1.75082347743683 FALSE ""
800 34 85 1.23301562265217 -3.01819846701154 1.21659447247415 -1.83166282426364 FALSE ""
900 74 86 1.14615685742837 -3.06121971381605 1.26035213327549 -2.30145958135212 FALSE ""
800 87 87 1.24045653977065 -3.21323796503009 1.15587552818336 -2.02756192591531 FALSE ""
900 88 88 1.26805151583795 -2.89213746334857 1.42479307879994 -2.01194802825832 FALSE ""
800 48 89 1.30423743327319 -2.81840471239508 1.42456261507458 -1.8941241992414 FALSE ""
300 88 90 1.19855805567554 -2.8536563659817 1.72515316135568 -2.63505926312233 FALSE ""
300 65 91 1.01618922286421 -3.5064499850846 0.950118996274223 -2.69736783169844 FALSE ""
100 51 92 1.01194948351126 -3.24792998116672 0.731460952391097 -2.00220073858624 FALSE ""
600 89 93 1.2166154197163 -2.940310033831 1.13860631704099 -1.68431093068033 FALSE ""
600 30 94 NA NA NA NA FALSE ""
800 11 95 1.24693499488101 -2.89618165613961 1.42588619229776 -1.92604330861763 FALSE ""
500 32 96 10.4407540122735 -1.519012560961 10.9158644475136 -0.385457269938594 FALSE ""
400 51 97 1.15742257500881 -3.29712276885338 1.169780130686 -2.19556350329162 FALSE ""
500 86 98 1.26150376318126 -3.15773192591003 1.32844656076462 -2.22620606079863 FALSE ""
900 82 99 1.11267864398251 -2.80568354555861 1.23948707467189 -1.93074406460491 FALSE ""
900 56 100 6.57105687523482 -1.46719893148863 7.13599927914748 -0.529051624595491 FALSE ""
1000 33 101 1.17582739739725 -3.05204497163483 1.16514754800878 -1.75398492004549 FALSE ""
1000 88 102 1.24024789972677 -2.9824364512244 1.43554133233759 -2.1564187773292 FALSE ""
600 46 103 1.36238236612455 -3.02107747091801 1.48978398887044 -1.95602511743269 FALSE ""
1000 50 104 1.275884301957 -2.82273981875008 1.24539260355487 -1.6398094971927 FALSE ""
700 70 105 1.2618289155271 -2.86715020000419 1.37054415806638 -1.90215445386595 FALSE ""
400 43 106 1.23768698570146 -3.23045537097707 1.393042543046 -2.654002009217 FALSE ""
400 11 107 1.2568968711096 -2.64529947735037 1.31228132406674 -1.71320755997273 FALSE ""
100 64 108 NA NA NA NA FALSE ""
1000 12 109 1.29888553339442 -2.92386331926634 1.50976873394388 -2.07305125821552 FALSE ""
800 35 110 1.3487089483353 -2.58225033029095 1.44838433002657 -1.56153396628791 FALSE ""
300 43 111 1.25226681607293 -3.19557079541426 1.31825490077434 -2.20746740135899 FALSE ""
800 86 112 1.19540699105287 -3.30644020024881 1.01647615873332 -1.90902685035984 FALSE ""
900 5 113 1.24799175752137 -3.09288357670724 1.11014290468764 -1.85796080991731 FALSE ""
900 13 114 1.19606617712634 -3.16823484578897 1.27033174085736 -2.3164869193874 FALSE ""
900 12 115 1.20244733320794 -2.75870085474496 1.17735355470013 -1.67553292699003 FALSE ""
800 12 116 1.29703092798996 -3.20608056958289 1.37937655638805 -2.30832972920207 FALSE ""
900 84 117 3.56367507026615 -1.71262233201729 3.92242641373419 -0.422397480057512 FALSE ""
100 16 118 1.63874378461197 -2.44716476886638 1.8134929197974 -1.89816891502001 FALSE ""
200 7 119 1.20246752096354 -3.00150082165693 1.23925271075115 -2.24726540770004 FALSE ""
800 63 120 1.16713716035352 -3.10974157777763 1.11250661825139 -1.92473106385138 FALSE ""
400 20 121 NA NA NA NA FALSE ""
600 4 122 1.14842348420059 -3.08753142118551 0.95398347339235 -1.94393274265589 FALSE ""
500 56 123 4.46643195338153 -1.44721416867009 4.99305640905157 -0.588345554782418 FALSE ""
300 38 124 NA NA NA NA FALSE ""
400 35 125 1.23389226456179 -2.8131926861582 1.56822173551333 -2.45977132666164 FALSE ""
200 9 126 0.967275387623824 -2.92067848834638 1.36029405561013 -2.9458320786456 FALSE ""
300 74 127 1.08497088053037 -2.67831983678924 1.26159339251522 -1.98952501174623 FALSE ""
800 7 128 13.6658775410117 -1.57064582518912 14.1515281793152 -0.391640571160122 FALSE ""
400 58 129 0.97738548322657 -2.94462277273449 1.07541904306414 -2.34907973958493 FALSE ""
100 41 130 5.48205929333047 -2.00184610020163 5.77981851336137 -0.283134272921091 FALSE ""
600 3 131 1.24189687044628 -3.18013657827256 1.22026647227525 -2.09277516678976 FALSE ""
600 43 132 1.21290853791246 -3.25061435983072 1.2153481476515 -2.01934242420226 FALSE ""
300 70 133 1.24992169423537 -3.06676945033175 1.19273725081539 -1.7554242328458 FALSE ""
100 54 134 1.16370849769776 -2.77597302982756 1.42857538563965 -1.75436819299672 FALSE ""
600 53 135 4.23953208630443 -1.63937197378045 4.70142779531853 -0.548811379049024 FALSE ""
500 82 136 1.27203107389883 -2.84727809290679 1.54139692405643 -2.28338005938892 FALSE ""
600 7 137 NA NA NA NA FALSE ""
700 24 138 1.10213898223688 -2.95824821360884 1.16599133393968 -2.0935445444933 FALSE ""
600 79 139 1.20428545776525 -2.86887231803704 1.25773241350722 -1.86969933421165 FALSE ""
800 30 140 1.231012011057 -3.39569786970377 1.20529699305406 -2.1716842494413 FALSE ""
600 74 141 1.20434354324986 -3.17148268148097 1.25960907990166 -2.12841233091709 FALSE ""
400 42 142 1.04755511815454 -2.47802844952678 1.54871529060458 -2.78684250962954 FALSE ""
900 22 143 1.16544482589432 -3.07610115029909 1.11712576487096 -2.08041048872123 FALSE ""
600 69 144 1.10478286104699 -2.84911487604949 0.9349262906875 -1.51051793079654 FALSE ""
600 67 145 12.9647930046577 -1.57198364315647 13.4714140169884 -0.43815515310079 FALSE ""
200 87 146 13.1399630101334 -1.3601223477813 13.614353646121 -0.392147196725389 FALSE ""
300 14 147 0.862808228261407 -2.80235026156451 0.920690370939139 -2.30581331999802 FALSE ""
300 31 148 3.58174271913424 -1.65153055639436 3.93836117711597 -0.451075194349453 FALSE ""
1000 28 149 1.1958538486354 -2.82823419796799 1.25745853666692 -1.91587908290883 FALSE ""
500 19 150 NA NA NA NA FALSE ""
700 31 151 1.28422964163334 -2.95443611434172 1.2822838678821 -1.83310406662601 FALSE ""
500 45 152 NA NA NA NA FALSE ""
900 54 153 1.16462329519434 -3.09487673150465 1.11469918123329 -2.20757673219393 FALSE ""
500 50 154 1.26191724479519 -2.70499328434413 1.44138538807328 -1.87486853609353 FALSE ""
400 12 155 1.28772079590335 -2.93543048097698 1.34734076169788 -1.879019883412 FALSE ""
600 66 156 1.21456094549087 -2.75410789445819 1.48366140465437 -2.29497094311864 FALSE ""
400 32 157 1.28080876853558 -3.11180927045905 1.19973499422585 -1.83911444732246 FALSE ""
700 17 158 1.24827941649195 -3.00111753999001 1.26138025401982 -1.71431647454198 FALSE ""
900 81 159 1.13629250423854 -3.0541910544924 1.41016087232114 -2.48279920403383 FALSE ""
800 73 160 1.17333947024829 -2.95381617584936 1.18648468244644 -1.86764209837303 FALSE ""
400 56 161 NA NA NA NA FALSE ""
600 49 162 1.18324071850948 -2.6715097922249 1.25007004126471 -1.7392488323227 FALSE ""
600 17 163 3.96318929736506 -1.54226234538264 4.45087906788909 -0.553140538620403 FALSE ""
800 51 164 1.16920376865899 -2.78929431391118 1.40821109983815 -2.13978215369765 FALSE ""
500 55 165 NA NA NA NA FALSE ""
1000 51 166 1.23974162890586 -2.91862244682205 1.34421992162496 -2.06708589796931 FALSE ""
400 83 167 NA NA NA NA FALSE ""
400 30 168 3.79495637703314 -1.72680955691175 4.18281206747972 -0.526794314152902 FALSE ""
600 85 169 1.09695175099612 -2.84314711313019 1.18297218048064 -2.01399751361988 FALSE ""
300 69 170 1.2506715098112 -3.28473906788148 1.12351878703982 -1.89339392756152 FALSE ""
800 27 171 1.09105662319058 -2.92499202112594 1.20284658216202 -2.13082011296067 FALSE ""
300 50 172 3.428437212665 -1.61750817463646 3.96450068667172 -0.770986992590702 FALSE ""
500 78 173 NA NA NA NA FALSE ""
1000 42 174 1.07506322430872 -3.22442693195765 1.0415608109569 -2.55437083468354 FALSE ""
600 51 175 1.11060512168933 -2.78297987891869 0.952567608714924 -1.52419113199855 FALSE ""
500 11 176 1.02729492258257 -3.20628050630312 0.858899086334432 -1.99404344336586 FALSE ""
1000 10 177 1.13437643269413 -2.79814039773639 1.41578724600788 -2.30129471799318 FALSE ""
300 23 178 1.24558220601593 -3.49605918985196 1.34351498426625 -2.95936027377509 FALSE ""
300 6 179 6.95360617603602 -1.47322008158287 7.479514699197 -0.500804582123701 FALSE ""
400 39 180 1.23919060832631 -2.85362419245126 1.539928478948 -2.20012618448917 FALSE ""
1000 77 181 NA NA NA NA FALSE ""
200 56 182 NA NA NA NA FALSE ""
800 72 183 1.19089002156341 -2.93860386179125 1.23269183850705 -1.95546477200954 FALSE ""
300 52 184 1.18395753618844 -3.55703015689392 1.37254609657114 -3.00317423841739 FALSE ""
500 69 185 1.0863940174518 -3.01964394139585 1.14607419944059 -1.95434526380714 FALSE ""
500 37 186 1.13820498545913 -2.85055824708625 1.25612138312721 -1.97069681869823 FALSE ""
600 37 187 1.23452178707019 -2.88054640304406 1.51615125219194 -2.18150060129976 FALSE ""
200 59 188 1.29972151258784 -3.32708194509526 1.85500110394809 -3.08025208717681 FALSE ""
500 41 189 1.22601355182738 -2.83613771012479 1.33967251051107 -1.95212485146646 FALSE ""
200 73 190 11.7176622499332 -1.4509845211965 12.3535123461 -0.649645392463979 FALSE ""
300 49 191 1.11358414785282 -2.54011482834553 1.30958210652768 -1.84667808785762 FALSE ""
300 22 192 NA NA NA NA FALSE ""
500 35 193 1.28873392656637 -3.11562368374431 1.25176636308606 -1.91775648105044 FALSE ""
800 64 194 1.19975852589665 -3.2237902660699 1.21258392496182 -2.29433427983447 FALSE ""
200 64 195 NA NA NA NA FALSE ""
700 67 196 1.31762458331054 -2.93874546762633 1.5561292178636 -2.24623766254959 FALSE ""
800 13 197 1.23515110669158 -3.20198461020246 1.10698836404274 -1.77999984980619 FALSE ""
200 18 198 NA NA NA NA FALSE ""
700 50 199 1.1267414362036 -3.31501640403719 0.99252976176738 -2.05032919013729 FALSE ""
200 42 200 1.29303804384776 -2.62107630708628 1.05254063801974 -0.986287135139133 FALSE ""
900 39 201 1.16429852870874 -2.85901490398773 1.26161867839135 -2.03750060330053 FALSE ""
600 45 202 1.30636611943365 -3.00463583988933 1.74202995351798 -2.48264990953099 FALSE ""
700 68 203 1.19671516101548 -3.11365868658618 1.08364329541751 -2.02914343985226 FALSE ""
200 75 204 0.895006334329828 -2.73208181667015 1.18794868834272 -2.18887046833223 FALSE ""
200 28 205 1.2028192524627 -2.58763984393165 1.50179366840596 -2.02060258108654 FALSE ""
800 14 206 11.9403975988762 -1.40189315085866 12.4569945455626 -0.456188117066556 FALSE ""
900 24 207 1.16457157392225 -2.96308277252052 1.30140189752 -2.2010251409337 FALSE ""
1000 72 208 1.26872256396433 -3.08589890137717 1.1901823072267 -1.6238524310948 FALSE ""
300 1 209 4.17732516395764 -1.77280023657757 4.64705769084955 -0.573481504076594 FALSE ""
300 15 210 NA NA NA NA FALSE ""
400 80 211 1.26400154422831 -2.83393485995656 1.76123091888672 -2.59268543262548 FALSE ""
400 85 212 1.18797159528487 -3.50910282281842 1.21018422348118 -2.58354458190833 FALSE ""
800 77 213 1.30178909359276 -3.07537966593502 1.32183396251847 -2.00793527150839 FALSE ""
300 56 214 3.23214700391437 -1.70337793006783 3.67200124133046 -0.684940085888008 FALSE ""
100 76 215 0.809669167904301 -2.65596231447404 0.852576961980856 -1.7209383401046 FALSE ""
300 89 216 1.20548483504943 -3.14794978568024 1.08362850175884 -2.04512557142541 FALSE ""
300 60 217 1.19335121552034 -2.63462141472928 1.48067834506923 -2.15058543909624 FALSE ""
100 67 218 9.72114867856814 -1.41676108897642 10.147488568071 -0.322473478884881 FALSE ""
100 3 219 3.10671988893718 -1.74100543890175 3.46032992686716 -0.445189860217399 FALSE ""
100 21 220 1.16214637422218 -3.59440815446904 0.432984238909326 -0.859901487121713 FALSE ""
200 51 221 6.61326454429612 -1.57676506641285 6.99887133336897 -0.348714516367727 FALSE ""
600 75 222 1.19647921688148 -2.73358468814396 1.26352274959651 -1.86961138696399 FALSE ""
200 83 223 13.1055059298787 -1.55775707610995 13.7629591349375 -0.676598195845251 FALSE ""
600 77 224 1.22628564864711 -2.43490133569271 1.2276971860334 -1.45422947015147 FALSE ""
900 62 225 1.22857651656256 -3.11043723494554 1.23441677049959 -1.9981487081157 FALSE ""
1000 36 226 1.13718594789097 -2.57491780422311 1.20664444444991 -1.75671439162873 FALSE ""
100 24 227 1.13433468139828 -3.00646643036037 1.4495876025471 -2.29953828561212 FALSE ""
1000 32 228 1.21326706728598 -3.22365445339898 1.20751797825014 -2.04742926677429 FALSE ""
400 55 229 3.47539843211573 -1.49749071463044 4.02802433477638 -0.750127662292546 FALSE ""
100 87 230 NA NA NA NA FALSE ""
800 88 231 13.437138977317 -1.3850907502236 14.0165214530373 -0.487561500486247 FALSE ""
900 8 232 1.01851383256695 -3.19679416433451 0.988204288160809 -2.13889902921954 FALSE ""
100 13 233 NA NA NA NA FALSE ""
300 32 234 1.26106043079117 -2.87750776055778 1.39104702230109 -2.00276814467573 FALSE ""
900 15 235 1.21808853301859 -3.21362816980451 1.16222096508094 -2.12974278754736 FALSE ""
500 13 236 1.18467568265818 -2.35888502983998 1.31350073251424 -1.45785965070667 FALSE ""
200 72 237 1.23635649766775 -3.89325183710414 1.24636301978311 -3.07646606560357 FALSE ""
200 32 238 0.89512723952421 -2.99099829588715 0.959300472414656 -2.10928871286752 FALSE ""
200 65 239 1.1521837967511 -2.82543142518338 1.06155610770999 -1.57901579859667 FALSE ""
200 47 240 0.706300243427131 -3.00514343544228 0.987001240353843 -2.6698871103635 FALSE ""
500 30 241 1.07563010176877 -3.00827781607948 1.23164559500591 -2.55013980507412 FALSE ""
300 29 242 1.24428696241017 -2.98384683289157 1.0651925119883 -1.70705405574471 FALSE ""
700 77 243 1.34679680354778 -3.2072587147489 1.17717924862796 -1.69696571322482 FALSE ""
700 23 244 1.20777353754818 -2.83726963403778 1.52576446707734 -2.26873753674635 FALSE ""
100 10 245 NA NA NA NA FALSE ""
400 23 246 1.12964665301717 -3.20347912458024 1.06700308745302 -1.99535019391133 FALSE ""
900 3 247 1.2028924375187 -3.23894018128388 1.17853890713153 -2.1033709039428 FALSE ""
900 46 248 1.16884824866763 -3.1023572339676 1.11755139528369 -1.93965506859308 FALSE ""
200 68 249 NA NA NA NA FALSE ""
700 16 250 1.12078552424991 -3.09976680847565 1.09436885147792 -2.16016746558122 FALSE ""
800 25 251 1.23033465221911 -2.77762962406435 1.4123139611012 -2.00770594282381 FALSE ""
200 25 252 1.11593391613182 -3.09852949603245 1.39086059297487 -2.54722246991688 FALSE ""
300 16 253 1.1050207085893 -3.19844749428407 1.08823682064269 -2.45855265717221 FALSE ""
200 29 254 1.17697541430411 -3.00547486075316 1.46290921027024 -2.26258993674043 FALSE ""
300 35 255 1.28595793981665 -2.97726268255484 1.15625267803841 -1.82018896170247 FALSE ""
700 90 256 1.11983333318025 -3.44299556755116 0.798335272771166 -1.82327603113995 FALSE ""
500 59 257 1.04890393348744 -2.82195423716405 1.02446509782483 -1.8643959667397 FALSE ""
900 40 258 1.26532669683396 -3.26351151179336 1.40609790858135 -2.34151323752771 FALSE ""
400 48 259 1.04858458431655 -2.9000135981498 0.913490513169338 -1.83932547707279 FALSE ""
500 25 260 NA NA NA NA FALSE ""
1000 9 261 1.23690424728602 -3.09569279986296 1.38679151283487 -2.20844951898302 FALSE ""
900 43 262 1.25442820520172 -2.75942681810121 1.29100748914229 -1.76760431245686 FALSE ""
700 37 263 1.21292008903786 -2.89603670639869 1.38211075900691 -2.10189147565067 FALSE ""
400 38 264 1.03780906870869 -2.57295486750682 1.36237540324095 -2.15827673269121 FALSE ""
400 16 265 6.49598647278617 -1.57678459779495 7.00836503583514 -0.491736092970698 FALSE ""
200 62 266 4.32344875265412 -1.57420264037512 4.77803496429308 -0.522963165288982 FALSE ""
700 48 267 1.31340536750602 -2.90800896906357 1.36759205922672 -1.74289625122644 FALSE ""
700 36 268 1.19646964912993 -2.88936474888653 1.39471694045632 -2.17977756023019 FALSE ""
100 59 269 1.09624861751241 -2.87392047486732 1.01219906188434 -1.89031101383212 FALSE ""
300 86 270 1.15276763198775 -2.93279291957853 1.08833045945389 -2.20846619980049 FALSE ""
1000 71 271 1.31627983433543 -2.82377956041253 1.40380686176021 -1.91014784983552 FALSE ""
300 82 272 0.904882863225738 -3.33416613348237 0.431124127173834 -1.28887584886477 FALSE ""
500 90 273 35.6561818721179 -1.51936110904382e-16 36.3953473875518 -1.08957341476445e-14 FALSE ""
200 74 274 1.12351408678604 -2.7847919727446 1.38665565176669 -2.13827961646587 FALSE ""
500 20 275 1.2872107893613 -3.20751234515402 1.15101501061272 -1.62974373127725 FALSE ""
600 12 276 1.0847118134541 -3.35776597969584 0.864496989888482 -2.05306053551701 FALSE ""
400 79 277 1.05236881081555 -2.70135267488296 1.232735174325 -2.11006795679061 FALSE ""
1000 52 278 1.21737321370548 -3.67202696918757 1.17194472417024 -2.4828477510867 FALSE ""
100 30 279 0.75231297109863 -2.87100150759731 1.40901684612561 -3.27373436264369 FALSE ""
900 9 280 1.29717259974783 -2.9705124612353 1.36567278263392 -1.90870435657583 FALSE ""
200 49 281 NA NA NA NA FALSE ""
600 38 282 1.15864302612512 -3.3218918979198 1.15981123144026 -2.37239965467268 FALSE ""
100 53 283 1.19146487313705 -3.38151718392938 0.816383910174012 -1.60903028966543 FALSE ""
800 3 284 1.17464664808086 -3.25068478933212 1.17412465173669 -2.0673918241819 FALSE ""
400 2 285 7.01229773744288 -1.64243827764309 7.57814710414605 -0.600926968467803 FALSE ""
200 35 286 NA NA NA NA FALSE ""
100 38 287 NA NA NA NA FALSE ""
800 4 288 1.15255166089371 -2.91347381023346 1.39129658001264 -2.29277310942674 FALSE ""
1000 26 289 1.21763382628525 -3.03082900142526 1.4024762537119 -2.35999710746337 FALSE ""
700 40 290 1.15141110010959 -2.94726400035389 1.31059200330023 -2.11708630759526 FALSE ""
1000 43 291 1.18882814024339 -2.95910094986265 1.25950503164453 -2.03184178392266 FALSE ""
100 25 292 1.10266187975285 -2.73520001223459 1.58005816918863 -2.37373429975669 FALSE ""
600 28 293 11.6794471508906 -1.56032856094189 12.2002959312893 -0.459503699339956 FALSE ""
200 27 294 3.17192668627073 -1.75970628935501 3.59810198821333 -0.613963361773669 FALSE ""
100 39 295 NA NA NA NA FALSE ""
900 69 296 1.19530565008959 -3.07468805818048 1.24208059441024 -2.22273955301002 FALSE ""
400 36 297 1.06264012091954 -3.63302516947065 0.893943111541016 -2.31121726539406 FALSE ""
500 36 298 6.50245420805754 -1.61756961705336 6.98782722520172 -0.442781869657639 FALSE ""
800 37 299 1.27201696900307 -2.78361988740795 1.37542657665827 -1.8782035392772 FALSE ""
800 43 300 1.02484856912234 -2.85067535100035 0.895004569297274 -1.73116970650687 FALSE ""
900 27 301 1.23539092095691 -3.01192923193891 1.30899841041229 -1.97830633648989 FALSE ""
400 5 302 1.20800550432269 -2.75181471093681 1.26722811386808 -1.94482409278139 FALSE ""
600 21 303 1.24327278044813 -2.94340889268422 1.2176063208531 -1.67687768638833 FALSE ""
1000 16 304 1.17383253419016 -3.06763582206927 1.15463324402276 -2.00195928737788 FALSE ""
400 8 305 1.17976727844051 -3.31786945255788 1.18955236584965 -2.12246314206418 FALSE ""
900 26 306 1.17684881791661 -3.24135635236493 1.07196841343302 -1.9831865489701 FALSE ""
900 47 307 1.22089815155982 -2.88767618157326 1.12705984060716 -1.52342413092927 FALSE ""
600 55 308 NA NA NA NA FALSE ""
500 73 309 1.07300993368996 -2.88321059581678 1.08865449041357 -1.74962334542325 FALSE ""
600 64 310 1.22295511590783 -3.34908263120573 1.01825782337664 -1.94196041970611 FALSE ""
100 81 311 1.17794605438831 -1.89783793801982 2.25323751199696 -2.81179952024704 FALSE ""
100 78 312 0.991864677404136 -2.95713660047676 1.21604497135971 -2.10526100838363 FALSE ""
700 78 313 1.19630645638519 -3.4007899942547 1.00847836361312 -1.98022160959405 FALSE ""
700 27 314 1.23613490584182 -2.54392370426209 1.44875572997683 -1.94675439388392 FALSE ""
400 4 315 1.31548590028252 -2.99225456564258 1.37625855176341 -1.85692103038429 FALSE ""
500 53 316 1.27331232098815 -3.131087578993 1.12847327911825 -2.09244184865662 FALSE ""
100 31 317 1.14403510066157 -3.05113920412354 1.17774407602961 -2.26907225834181 FALSE ""
500 42 318 1.11237116910852 -3.10297737075242 1.17513452252553 -2.50122362074099 FALSE ""
200 16 319 NA NA NA NA FALSE ""
500 9 320 1.20331885153507 -2.70234875234103 1.19198524479437 -1.71939334258241 FALSE ""
300 13 321 1.07558744678615 -3.62588860373968 0.736566228490132 -2.49678206481907 FALSE ""
900 87 322 1.14512902138651 -2.79698456916133 1.01264861408669 -1.49749539750901 FALSE ""
400 54 323 1.33919600585714 -3.11634081567188 1.47920320429874 -2.11635104529217 FALSE ""
800 29 324 1.07383810708282 -3.19637277230341 1.08868437792366 -2.32077104558675 FALSE ""
200 60 325 0.927826116879605 -3.02964632339194 0.916749351436467 -2.68596311077428 FALSE ""
500 80 326 1.23316478755598 -2.99904324540763 1.25603461626836 -1.87291458136496 FALSE ""
1000 48 327 1.21478643252109 -2.94668578486171 1.36719297098341 -2.28503647420383 FALSE ""
200 76 328 1.26628980781556 -2.72514367736341 1.10630209955133 -1.6115769270616 FALSE ""
200 15 329 1.1463973728684 -3.28873684925862 1.14888445315522 -2.11832002509901 FALSE ""
1000 64 330 1.12050628215538 -2.84498258830196 1.11484224856075 -1.88845218952903 FALSE ""
700 14 331 11.6588081816852 -1.43704436436672 12.1767144271365 -0.435552842675309 FALSE ""
900 23 332 1.15586148360144 -2.97755597822 1.18460543851788 -2.07013997584098 FALSE ""
600 71 333 1.13673402547419 -3.25423410037973 1.10014596072674 -1.96487217124032 FALSE ""
200 13 334 4.30829123247737 -1.58830299346335 4.77130923755674 -0.48409500572203 FALSE ""
400 33 335 1.09180721104872 -3.21110680414367 1.3918325353624 -3.0081128662388 FALSE ""
800 44 336 1.14196013380857 -3.28711526364864 1.07336179730803 -2.21173463226929 FALSE ""
300 53 337 7.44907450388605 -1.46448641360916 8.00373908510126 -0.489811348911397 FALSE ""
700 66 338 6.42058439576346 -1.53502914761501 6.86829357692158 -0.402016198988671 FALSE ""
700 53 339 1.24662379344241 -2.89392333388135 1.40986913694635 -1.95026770237634 FALSE ""
1000 46 340 1.29519220138496 -3.08847845467048 1.18458134161823 -1.80605696175695 FALSE ""
900 6 341 1.19316031273448 -3.31984926382311 1.1400260004214 -2.12525576577929 FALSE ""
800 67 342 1.21421511832291 -2.66515041604286 1.34468207194232 -1.92040859118026 FALSE ""
300 10 343 1.18716594851136 -2.6773009768272 1.11054179927389 -1.37525684336432 FALSE ""
800 53 344 1.33832398975767 -3.32152202966381 1.30433583730956 -1.93096451857036 FALSE ""
200 52 345 NA NA NA NA FALSE ""
900 90 346 1.24711107916036 -2.98252782974964 1.43264903130485 -2.17175195264075 FALSE ""
600 68 347 1.23980983575574 -2.52992476247186 1.5193292991546 -1.84756125278367 FALSE ""
800 84 348 1.26696193535267 -2.85524168815248 1.24125167688555 -1.70431761856479 FALSE ""
800 8 349 1.28872887340871 -2.92131530916948 1.54654343875905 -2.14974961267764 FALSE ""
100 27 350 1.37957432489236 -3.59116511937992 0.648733702566283 -1.72809580160498 FALSE ""
500 49 351 1.33964884842294 -2.75370488745853 1.41400995792343 -1.77180477463489 FALSE ""
800 20 352 1.27453001499537 -2.85550805278662 1.45502421475391 -1.97628559243519 FALSE ""
900 85 353 1.36867823946903 -3.25937256401065 1.39061540984492 -2.153764213444 FALSE ""
900 17 354 1.18187058847058 -3.27198589127158 1.02943357179937 -1.99019444314604 FALSE ""
700 10 355 1.0599751643629 -3.05324153706863 1.16946418508633 -2.33180575614363 FALSE ""
500 58 356 4.16951000304535 -1.54159803708986 4.64487329565839 -0.512792191576273 FALSE ""
300 64 357 1.13145706626332 -2.49669581471985 1.30104181208553 -1.59744817300558 FALSE ""
700 58 358 1.25872025525339 -2.65227566128491 1.42265056250527 -1.84050962962992 FALSE ""
700 81 359 1.17009390075159 -3.11593150567953 1.085914547224 -1.9533298994666 FALSE ""
100 43 360 1.50730942257596 -2.87305038742967 1.36819780266963 -1.85717876686226 FALSE ""
500 64 361 1.21418220301189 -2.88716089371429 1.37406752638704 -2.19334054888847 FALSE ""
800 42 362 1.16837156122504 -3.29778396483598 1.32264434571084 -2.28782246251602 FALSE ""
900 76 363 1.17094742856196 -3.17249024382616 1.22913446538532 -2.41463077069973 FALSE ""
800 76 364 1.16171981894656 -2.66977341887541 1.16975308571875 -1.82645610876072 FALSE ""
100 11 365 1.2058347169424 -3.12515438880333 1.11958188220404 -2.13141171131402 FALSE ""
400 29 366 1.20229182244936 -3.11740034161213 1.16585062906164 -1.90434405117004 FALSE ""
700 82 367 4.41223185116261 -1.5213672576597 4.8388905177627 -0.454637065326039 FALSE ""
1000 47 368 1.33602803993565 -2.7844221098116 1.43727296293134 -1.68536495950017 FALSE ""
1000 20 369 3.86536972139594 -1.46305085733108 4.39900189186463 -0.630721644093299 FALSE ""
200 23 370 1.11815063878804 -3.80811249272537 0.689361017620427 -1.8985061928903 FALSE ""
900 18 371 1.19962176179664 -2.99502154608411 1.2520088183619 -1.98171349942442 FALSE ""
300 37 372 0.82515055487119 -2.7201742264476 0.875904695897419 -1.92328580262029 FALSE ""
200 11 373 1.16476657997354 -2.72735378403498 1.11811096208227 -1.75152301432209 FALSE ""
500 1 374 1.13504604976834 -3.38995024301465 1.22456433089536 -2.57332254395594 FALSE ""
200 39 375 3.61254616012962 -1.54310821749435 4.21865562760732 -0.738549711854046 FALSE ""
800 61 376 1.34365967921695 -2.73013445836073 1.40285157035592 -1.5915539373372 FALSE ""
600 47 377 1.10873400035203 -3.04710373422242 1.19784478870628 -1.90281462315739 FALSE ""
600 26 378 4.31497792907297 -1.60561153842597 4.71664640020233 -0.452103265908288 FALSE ""
400 10 379 NA NA NA NA FALSE ""
100 71 380 0.829619909680318 -2.51726130589477 0.898151359386715 -1.71688371991252 FALSE ""
400 81 381 1.12367011580993 -3.51058974954483 1.18501924569096 -2.36147785725018 FALSE ""
600 60 382 1.16603360332743 -3.24013961079606 1.1313214648877 -2.19946670413226 FALSE ""
300 78 383 1.19628412627624 -2.92808325578074 1.29358342592409 -1.95427409939476 FALSE ""
800 56 384 1.22053938553256 -2.79912435650897 1.4504800660327 -2.02561629541602 FALSE ""
500 5 385 1.15962478800556 -2.66608766555285 1.21730534313392 -1.98538543169114 FALSE ""
200 2 386 1.02593247213385 -2.82378245667756 1.08858607547411 -1.93887150978141 FALSE ""
100 28 387 0.85385575735259 -3.04066814605776 0.710407252653874 -2.27515325948402 FALSE ""
300 73 388 1.17811201819079 -3.17226642274404 1.19725562423885 -2.32911357412762 FALSE ""
100 29 389 0.950735997167596 -2.14410338271462 0.967676323846038 -1.3721651747093 FALSE ""
100 6 390 1.24044473640459 -2.69050267340256 1.30228261648155 -1.70418501062339 FALSE ""
700 34 391 1.14214706121854 -2.57627405153434 1.36199485029712 -2.0019066677034 FALSE ""
800 9 392 1.19505016082042 -3.0159768700963 0.958222001941168 -1.69873007754629 FALSE ""
600 2 393 1.29288241720508 -3.00290899561962 1.10949450156195 -1.43265674577844 FALSE ""
900 80 394 1.28197283002924 -2.95179565467879 1.31693614173474 -1.84224391217232 FALSE ""
800 50 395 13.6174902032025 -1.56923614696462 14.1134866431134 -0.45418597504352 FALSE ""
400 50 396 1.18623786447831 -3.2929408648367 0.909592086417039 -1.60960204302746 FALSE ""
600 22 397 1.23086059354815 -3.12343338433263 1.23080397465824 -1.89703053574902 FALSE ""
600 70 398 1.0897433099392 -3.15022644094486 0.891875318545007 -1.96510088327085 FALSE ""
100 70 399 1.12769047543347 -3.42181153604947 0.890806305279725 -2.21041988759292 FALSE ""
500 3 400 1.29599136942872 -2.64334368861306 1.20797848000807 -1.69055788467457 FALSE ""
800 80 401 1.27432981773272 -3.35429958664972 1.3751407191543 -2.43918581070981 FALSE ""
600 33 402 1.25323271893122 -2.95694290961023 1.65701786029139 -2.48171460382473 FALSE ""
300 30 403 3.72944428126216 -1.43062424821648 4.28667873039826 -0.660839405976012 FALSE ""
900 51 404 1.20829036854767 -3.10796198872923 1.3528700624671 -2.2426813201413 FALSE ""
400 88 405 1.20591239277053 -3.04366137182003 1.09961026466929 -1.75951646657939 FALSE ""
800 2 406 1.19739536096939 -2.6672616863446 1.2380522640133 -1.80562926214699 FALSE ""
200 14 407 3.62052204415582 -1.63771821503768 3.9251996301724 -0.413467756058071 FALSE ""
600 29 408 1.18041102261192 -3.62368720309184 1.33454945305475 -2.86066572480336 FALSE ""
800 89 409 1.1026392991421 -3.01222374669342 1.05282965023823 -2.0406933034356 FALSE ""
800 66 410 1.1660209014411 -2.90319075848912 1.01957533891817 -1.56867149393976 FALSE ""
1000 2 411 1.1882507852689 -2.79953275714389 1.34677277922749 -2.07602817883512 FALSE ""
300 42 412 1.15038057230398 -2.38705937034438 1.1769013482402 -1.27748002291638 FALSE ""
400 77 413 4.24901707919259 -1.4470145404722 4.79542816071108 -0.561198348249465 FALSE ""
300 77 414 NA NA NA NA FALSE ""
700 35 415 1.17982721873798 -3.48749272052466 1.02624932237137 -1.7383289677043 FALSE ""
400 37 416 4.19301798926235 -1.53400321374138 4.64049121567179 -0.549084449542643 FALSE ""
600 48 417 12.347465181711 -1.55090911716559 12.8196612581098 -0.402125353110884 FALSE ""
400 61 418 1.25168097550378 -2.81879776327167 1.43785597352562 -2.24005488818375 FALSE ""
400 26 419 1.19220544879706 -3.45250624474254 1.08389781392468 -2.12701864295918 FALSE ""
800 38 420 1.22086921155795 -2.83349708132061 1.4451635985663 -1.90178887185939 FALSE ""
200 44 421 1.00136980115906 -2.92464567714227 1.27580124076548 -2.78394685471576 FALSE ""
300 75 422 1.22685793876896 -3.1986621949981 1.23740213800929 -2.44256454567125 FALSE ""
700 41 423 1.22594959065135 -3.48091648973719 1.20100835743742 -2.0934974455582 FALSE ""
1000 75 424 1.12330304833854 -2.92148208469267 1.22139946702332 -1.99333109659994 FALSE ""
700 64 425 1.28254507875506 -2.68500222810855 1.46943886039154 -1.87920719952407 FALSE ""
600 14 426 1.19603503428212 -2.73772065820436 1.30323961271648 -1.83161894559162 FALSE ""
600 42 427 1.26937331135703 -3.09019684094019 1.37237490551205 -1.99614772633178 FALSE ""
700 18 428 1.34972627187547 -2.95950331183328 1.69430459508961 -2.48740799475225 FALSE ""
100 4 429 1.22375460696486 -3.1597095412658 1.58662178283884 -2.59552919882644 FALSE ""
600 41 430 1.11611426824924 -3.1119310943971 1.29297630512429 -2.22519417491512 FALSE ""
500 52 431 9.52686100387287 -1.43520148128149 10.0637140331972 -0.464492340480338 FALSE ""
400 41 432 1.26622679906997 -2.88195155655349 1.51243293641818 -2.11102426346544 FALSE ""
1000 79 433 1.23348591987827 -3.28978390887357 1.21543096638479 -2.02743525125986 FALSE ""
700 59 434 1.29401103610256 -2.81745806427669 1.47033465911194 -2.00984587638348 FALSE ""
700 76 435 1.15428859887341 -3.00886981469261 1.13113746632606 -1.96310478881747 FALSE ""
400 52 436 1.00648560321396 -2.86295682703501 1.27757621874569 -2.75311714112732 FALSE ""
100 73 437 0.982799423741812 -2.59554870509143 1.20462163618443 -2.0849204335949 FALSE ""
600 57 438 1.26729477629527 -3.01521844265023 1.25459438602131 -1.7676380770267 FALSE ""
1000 35 439 1.17315833777861 -3.15215333816109 1.25733580859068 -2.06008359678006 FALSE ""
400 64 440 1.1690323357334 -3.40140554600965 1.07425228409264 -2.48421677270072 FALSE ""
500 28 441 1.16198315456676 -3.22069606840139 0.967504397653373 -1.81860080847406 FALSE ""
900 37 442 1.25941897405382 -3.22340982999189 1.46294232858967 -2.52895245936578 FALSE ""
1000 4 443 1.13311981403143 -2.92449731092709 1.21824561250663 -1.94379035411707 FALSE ""
500 77 444 1.22677124284418 -2.85637738256856 1.45779311139343 -2.02105448303005 FALSE ""
200 46 445 1.24223418553374 -2.64241004956471 1.55114344378927 -2.13158833943635 FALSE ""
200 71 446 1.19078169134648 -3.01485410203476 0.922920615303491 -1.52791462672685 FALSE ""
400 47 447 1.2716537500274 -2.81622172288612 1.35474246097162 -1.89870711234641 FALSE ""
500 48 448 10.8810189588238 -1.38845691594199 11.5376233022667 -0.611354729987486 FALSE ""
500 62 449 1.2693388392004 -3.00655119050121 1.36367836023632 -1.95328149875215 FALSE ""
900 71 450 1.16434205147406 -2.90737824139164 1.27215903716612 -2.20521474299435 FALSE ""
1000 18 451 1.25815733304178 -2.97124122680555 1.23228407793685 -1.91800156974751 FALSE ""
900 38 452 1.22286477190789 -2.80965084363317 1.25639344005114 -1.81319396012399 FALSE ""
800 28 453 1.25324357532683 -3.07175739231922 1.38088519085206 -2.09703183806694 FALSE ""
500 12 454 1.05507527236239 -3.2601981883625 0.994476941539541 -2.14388265747622 FALSE ""
500 72 455 1.19040777048993 -3.26711730296833 1.1437466848126 -2.02392443336019 FALSE ""
800 54 456 1.35444198647699 -2.91738714935617 1.46623636429223 -1.90918643493976 FALSE ""
1000 87 457 1.22990313830762 -3.0160433908704 1.27236768706748 -2.16151562187022 FALSE ""
100 34 458 1.16654490858795 -3.45598848830815 0.236873371544751 -0.540802068769032 FALSE ""
100 52 459 1.00196559637465 -2.31439821126902 1.42305869321908 -2.24957089117184 FALSE ""
500 22 460 1.30980951488902 -2.82072940725088 1.50462225714017 -1.8260013963596 FALSE ""
1000 19 461 1.27136595972162 -2.91099206818665 1.35925664624907 -1.90778354745819 FALSE ""
100 26 462 1.25818506543562 -3.33963628245306 1.37650544431253 -2.28475986927713 FALSE ""
700 89 463 1.26672679187848 -2.91127117044653 1.31324265477998 -1.88319145986745 FALSE ""
900 64 464 1.25558403526071 -2.98967577689237 1.28296285390316 -2.00767153577605 FALSE ""
400 19 465 1.17579265870296 -3.0686394656048 1.29854904977787 -2.58043982442156 FALSE ""
100 14 466 1.42283229001013 -4.50961437787014 1.20646587173058 -2.6611235602717 FALSE ""
700 32 467 1.2680203019711 -2.84306552648792 1.5104970555735 -2.00791054427818 FALSE ""
200 6 468 1.23832988654297 -3.23309951385373 1.36038653001754 -2.30892040648283 FALSE ""
900 65 469 1.34176980466479 -3.0645286547337 1.31333521958437 -1.92558950557317 FALSE ""
500 16 470 1.29758600574857 -2.97936976574079 1.53469977750698 -2.29856495428491 FALSE ""
1000 27 471 1.2209257241017 -3.07165880996107 1.20760328277848 -2.02362535707493 FALSE ""
100 49 472 1.02587973481233 -3.31773162662667 0.948388993050101 -3.02635485780649 FALSE ""
100 44 473 NA NA NA NA FALSE ""
300 4 474 1.00954227262873 -3.72216322656414 0.650329845602918 -2.44945719641735 FALSE ""
600 84 475 NA NA NA NA FALSE ""
300 46 476 1.20156848689217 -3.44436675511777 1.16235091373713 -1.94346175597799 FALSE ""
1000 70 477 1.17109546804784 -2.83889089553603 1.12815759985994 -1.73784439364231 FALSE ""
1000 38 478 1.15258044382463 -3.18153724856052 1.11777994335669 -2.20408445207154 FALSE ""
100 74 479 1.16384407088148 -2.43425136349012 1.64321015105285 -2.14284389131773 FALSE ""
400 7 480 1.03105488510463 -3.30591885838896 0.900119309308129 -2.1886667494054 FALSE ""
800 82 481 1.27948349775356 -2.73545098366816 1.27250579068178 -1.75860059274537 FALSE ""
500 24 482 1.01799820018961 -2.60057060611368 1.23589867723224 -2.00023826286075 FALSE ""
900 83 483 1.13198429451801 -2.94004824725052 1.16935784149914 -2.05054675355406 FALSE ""
700 46 484 7.53768797744377 -1.53384462775646 8.12999504345692 -0.550587656960902 FALSE ""
700 28 485 1.14119170137669 -2.66168891381836 1.14194834466542 -1.67000879863438 FALSE ""
900 75 486 1.16370738513339 -3.12349023271144 1.02119880054867 -1.79408814527903 FALSE ""
200 78 487 0.935595331212783 -2.94245718728085 0.546183692826845 -1.57219675196653 FALSE ""
400 59 488 NA NA NA NA FALSE ""
100 80 489 1.34894340925483 -2.74685531373922 1.10222652432036 -1.26942130334864 FALSE ""
600 15 490 1.19578165790048 -2.94748217194784 1.25631828078361 -1.84684118558116 FALSE ""
100 1 491 0.920956431073588 -4.01429004114432 1.4079563582606 -3.78912145265341 FALSE ""
800 16 492 1.02976919146653 -3.23404990488924 1.24173930603694 -2.81498370830506 FALSE ""
200 1 493 NA NA NA NA FALSE ""
500 88 494 NA NA NA NA FALSE ""
100 65 495 NA NA NA NA FALSE ""
500 79 496 1.22939869160166 -3.28564648058803 1.11463584450617 -2.30235084867638 FALSE ""
500 43 497 1.24206936111196 -3.07437722035134 1.13070082269278 -1.82866510866554 FALSE ""
500 23 498 1.24288554714042 -3.05077404257279 1.30303344340771 -1.93669352978405 FALSE ""
700 20 499 1.35060072436368 -2.93402397870514 1.60083025349244 -2.08599357558218 FALSE ""
100 37 500 1.07681580839544 -3.85505799517621 1.33669717705462 -3.3446984125036 FALSE ""
700 42 501 12.8552347349109 -1.50871692764266 13.3838802815385 -0.479164509051811 FALSE ""
1000 85 502 1.121299775251 -3.29853528643246 1.01588424948869 -2.00212202086174 FALSE ""
500 65 503 3.91212958169483 -1.68025286961544 4.41111960757898 -0.654918122227806 FALSE ""
900 42 504 1.00043328147854 -2.83945946821927 1.00637812474635 -1.8755896432863 FALSE ""
300 36 505 NA NA NA NA FALSE ""
900 45 506 11.7747778325789 -1.56752841534243 12.316178659313 -0.504507873114033 FALSE ""
200 12 507 NA NA NA NA FALSE ""
200 55 508 1.01510721951275 -3.11704388998387 1.14221634390478 -2.64375278610492 FALSE ""
400 13 509 1.19914951089728 -2.76343982622857 1.38520950574023 -1.89193299203612 FALSE ""
500 6 510 1.2231841461889 -2.81551631734194 1.35938833167925 -1.92764930751428 FALSE ""
700 29 511 1.37517502629344 -2.7089469367472 1.5999549319648 -1.96604553861252 FALSE ""
500 63 512 0.930503602305952 -2.76452567680062 0.937728222327767 -1.73146360142261 FALSE ""
800 78 513 1.13270326476843 -2.58727970707357 1.25635993707938 -1.95462331795294 FALSE ""
300 44 514 36.206214700046 -3.47971775671798e-14 36.9566534335083 1.90349953926227e-14 FALSE ""
700 15 515 1.20065185965259 -3.30730268859591 1.10004111526389 -2.0556100743049 FALSE ""
600 27 516 1.09920172392655 -3.23559883781557 0.857781257157575 -1.97994456756215 FALSE ""
700 26 517 1.27227356948648 -3.22648143570036 1.33124345795589 -2.02474635343619 FALSE ""
900 1 518 1.16085766088892 -3.01239118069872 1.18430815656898 -1.9741447161947 FALSE ""
100 57 519 NA NA NA NA FALSE ""
800 69 520 1.35778369359754 -2.9857759761377 1.35682323981069 -1.71302710396153 FALSE ""
500 67 521 1.15741326759367 -2.93856369795733 1.08860894126097 -1.79301049343139 FALSE ""
1000 41 522 1.06928023723936 -2.99144161425089 1.0420465379769 -1.98020989439644 FALSE ""
1000 34 523 1.19515507659398 -2.97834789994577 1.34919751955283 -2.28136093354517 FALSE ""
600 76 524 1.19093260444664 -3.05804248696617 1.29086908958264 -1.94043455029194 FALSE ""
200 58 525 1.10882690954166 -3.70570208835856 0.686616185822932 -2.1575723207793 FALSE ""
500 34 526 1.19614478382593 -3.57426550743312 1.19898068992522 -2.29500965275305 FALSE ""
400 44 527 1.06255829427499 -3.12834624463784 1.06488390998491 -2.2095341900532 FALSE ""
800 40 528 1.18394775163114 -3.34432049996381 0.945818662556536 -1.74670716766915 FALSE ""
1000 81 529 1.15703587106885 -3.29067535468179 1.04726464459543 -1.93412874846868 FALSE ""
1000 76 530 1.24798751299288 -2.94963578968911 1.26336989730496 -1.78045443761738 FALSE ""
800 79 531 1.17546910453803 -3.20309807975254 1.15794522720885 -2.12734641003571 FALSE ""
200 30 532 1.06102358268515 -3.17105961009353 0.794645012704196 -1.84427649383439 FALSE ""
400 1 533 12.7792728150848 -1.64231642390287 13.1560927180672 -0.297319344378656 FALSE ""
300 24 534 NA NA NA NA FALSE ""
800 85 535 1.2100694618264 -3.02856277037194 1.3220789496531 -2.18845857472904 FALSE ""
300 26 536 3.28426104045 -1.62903558507361 3.78878080844388 -0.725206331827698 FALSE ""
700 30 537 8.1611540284476 -1.41288791406675 8.70125233355619 -0.495901328258384 FALSE ""
1000 65 538 1.08589434579819 -2.96684599255313 1.04021170860643 -1.99095177325122 FALSE ""
600 40 539 1.19314810658096 -3.13998414313842 1.37023622311128 -2.34491931950353 FALSE ""
800 6 540 12.5878543640418 -1.34952140267331 13.1471239072327 -0.509730636131742 FALSE ""
300 85 541 1.36005528594858 -2.85859762995046 1.22809125235872 -1.65275770943227 FALSE ""
200 77 542 NA NA NA NA FALSE ""
600 5 543 1.34263604530727 -2.58111008545391 1.58102634688059 -1.84405809272872 FALSE ""
100 66 544 3.07923844057529 -1.861391283263 3.32287020982219 -0.361335104392902 FALSE ""
500 27 545 1.13704557335869 -2.88288979244498 1.48678224761821 -2.74288806459159 FALSE ""
500 74 546 1.14379399267174 -3.03914367335233 1.28621914043661 -2.26104261142863 FALSE ""
700 44 547 1.25526808927002 -2.80522816456335 1.58165922091653 -2.17942227756371 FALSE ""
500 17 548 NA NA NA NA FALSE ""
300 67 549 NA NA NA NA FALSE ""
800 74 550 1.27996862831591 -3.17766218743862 1.24334504766368 -1.97705065322232 FALSE ""
500 15 551 1.29052520332635 -2.78157457102421 1.31343620106521 -1.62977009718335 FALSE ""
900 63 552 1.22468564848088 -2.84391552315228 1.27576866537273 -1.8367640046668 FALSE ""
400 45 553 1.20829991304049 -3.21753184153768 1.05729727557652 -1.99480105886589 FALSE ""
800 24 554 1.19905767247035 -2.94527443191666 1.09904941375534 -1.68949688286948 FALSE ""
100 22 555 0.681008176112478 -3.36156225476804 0.304743443497651 -2.49839405797612 FALSE ""
900 68 556 1.08173518050954 -2.80488805801252 1.45864962462224 -2.31486573897955 FALSE ""
1000 59 557 1.23512577327363 -2.99155744684965 1.42607699498336 -2.27078284824791 FALSE ""
200 50 558 1.17447598208624 -3.741258528592 1.42019456630411 -2.95145903827818 FALSE ""
400 87 559 1.14490228742235 -2.9481245170411 1.28936553161629 -1.88916274415817 FALSE ""
100 18 560 1.04035891363423 -3.27089546006113 0.914131026569667 -2.42389070358552 FALSE ""
100 47 561 1.18128791878639 -2.31993368734837 1.56500833817293 -2.47011036909953 FALSE ""
600 34 562 1.44646894757775 -2.71423147197875 1.64754455990243 -1.76958082461944 FALSE ""
300 55 563 1.23534524046315 -3.21820722665824 0.90343291598397 -1.72274726124767 FALSE ""
900 11 564 1.17205409012432 -3.14473521461809 1.43180210258216 -2.38074361007264 FALSE ""
200 88 565 3.25339192009053 -1.81552984618006 3.80915603558493 -0.833411750568642 FALSE ""
200 66 566 NA NA NA NA FALSE ""
800 47 567 1.22583315088598 -3.30774015363694 1.2020373492555 -2.01479539978707 FALSE ""
400 21 568 1.23058714708143 -2.80897713594529 1.17960725302225 -1.7337538903967 FALSE ""
800 83 569 1.16896004782877 -3.16117211737887 1.08696790493381 -2.08093795327723 FALSE ""
800 90 570 1.1841218455236 -2.67510507800542 1.31928870107163 -1.9688373423785 FALSE ""
900 86 571 1.24615887434261 -2.66528114553738 1.51365583037538 -1.98590715449027 FALSE ""
100 40 572 NA NA NA NA FALSE ""
500 21 573 1.27777896214917 -3.10872942427465 1.4331818435036 -2.27848684545823 FALSE ""
700 19 574 1.30012521693965 -2.69000779239462 1.55375383623619 -1.73063861636901 FALSE ""
900 32 575 1.14415268515115 -3.1144002243726 0.992273003207783 -1.88734195564333 FALSE ""
800 52 576 1.29013296197539 -3.08376999684399 1.11441847947026 -1.70298681999179 FALSE ""
700 87 577 3.31447778190395 -1.7288877551786 3.63367358994933 -0.573118195966268 FALSE ""
900 58 578 1.24563351734778 -2.92616647301145 1.27304430462413 -1.82412063217643 FALSE ""
600 20 579 6.00432268660486 -1.57302172589459 6.47376318387115 -0.460422592058909 FALSE ""
500 7 580 0.982951937861086 -2.93442459970818 1.12649122796565 -2.23075648986919 FALSE ""
300 71 581 NA NA NA NA FALSE ""
500 51 582 1.23834299496652 -2.96755043570182 1.51729748717703 -2.24797991743283 FALSE ""
100 63 583 NA NA NA NA FALSE ""
400 22 584 1.09232296206316 -3.14975289437741 1.48684851516392 -2.66601094370314 FALSE ""
700 60 585 1.39061381414085 -3.01290844095309 1.4479416341439 -1.88011470871589 FALSE ""
1000 39 586 1.09706728677563 -3.37795268508414 1.05088050212091 -2.36095678869902 FALSE ""
300 8 587 1.27183337930458 -2.98813745921572 1.61883661167836 -2.33781070221405 FALSE ""
900 35 588 1.12930916335242 -3.4778736987537 1.18299081244992 -2.65502183649075 FALSE ""
700 4 589 1.26442032721976 -2.66141314426237 1.33853095605426 -1.82376947210806 FALSE ""
800 59 590 1.28082712022959 -2.92263704419095 1.38732652664213 -2.00715524487691 FALSE ""
1000 82 591 NA NA NA NA FALSE ""
300 41 592 1.09815974295525 -2.56976616976165 1.09533096487756 -1.65804792843726 FALSE ""
700 84 593 NA NA NA NA FALSE ""
900 55 594 1.13483754989466 -3.21894967835075 1.01595048980297 -1.94834344652026 FALSE ""
200 61 595 1.15918234357721 -2.78286813614586 0.962668155608877 -1.37889033338665 FALSE ""
100 77 596 NA NA NA NA FALSE ""
500 71 597 1.07563468386466 -2.99735123752404 0.9528427933319 -1.87580656744552 FALSE ""
1000 6 598 1.18773997815253 -2.75387651259937 1.19705647275577 -1.70682933776588 FALSE ""
100 82 599 1.25148493332884 -2.50153658648362 1.36807574537607 -1.59002662531575 FALSE ""
400 66 600 1.0668148794929 -3.53100072556136 1.14121951925722 -2.82430321157186 FALSE ""
200 22 601 NA NA NA NA FALSE ""
800 57 602 1.09976756726282 -2.72564113621402 1.28363362771005 -2.06228385618983 FALSE ""
900 79 603 1.13956718245212 -3.33969045000523 1.23515879702399 -2.15741637376559 FALSE ""
1000 37 604 1.21457105300408 -2.9123726633154 1.20001201659587 -1.6955924140657 FALSE ""
700 57 605 1.28774673808996 -3.05877206164866 1.18065116278335 -1.69910467529677 FALSE ""
800 15 606 1.18810165483164 -3.18059111409172 0.979088350150723 -1.80636075985462 FALSE ""
200 90 607 1.23769022771546 -2.59067710406694 1.058308486243 -1.31458522593366 FALSE ""
200 37 608 1.22476870579985 -2.90961150322548 1.14059795652661 -1.56263437229842 FALSE ""
900 61 609 1.25983555161256 -3.1132975528998 1.33008452441176 -2.14809384797051 FALSE ""
900 67 610 1.2893687491916 -3.59019966164913 1.15583145049121 -2.17701024584976 FALSE ""
700 71 611 1.29250046705053 -3.01664386082677 1.38700504344742 -1.9298819841599 FALSE ""
400 74 612 1.24549065799603 -2.83414611885075 1.41552075988107 -2.10417672393535 FALSE ""
200 86 613 0.967874075717393 -3.29045046903785 1.07533891190589 -2.90800819882024 FALSE ""
500 76 614 1.09455712099812 -3.12588247763555 1.09891415544083 -2.03028985780256 FALSE ""
200 89 615 1.26124179444578 -2.23371515201034 1.52970088713314 -1.54997179740275 FALSE ""
800 41 616 1.20777150205831 -2.93626162689168 1.33322337654773 -2.1324843019761 FALSE ""
1000 54 617 1.27387720550288 -2.76343122310884 1.46415922673622 -1.87937564241669 FALSE ""
1000 5 618 1.23769601208443 -2.67433763195528 1.27952363741614 -1.68347433518376 FALSE ""
300 54 619 1.35502273736589 -3.10149342069439 1.6334291227465 -2.35957144231571 FALSE ""
900 34 620 1.11445304463054 -3.1117186321826 1.2512114449842 -2.31723181210442 FALSE ""
200 85 621 1.15701261742353 -3.00840098870777 1.15581919937463 -1.99688305070726 FALSE ""
700 75 622 NA NA NA NA FALSE ""
500 10 623 NA NA NA NA FALSE ""
400 89 624 1.03474347429558 -2.93801758423253 1.07517338008121 -2.23089563933637 FALSE ""
300 76 625 0.976453952533627 -2.79271598350586 0.65973794255982 -1.41135119069654 FALSE ""
900 25 626 1.23255380486895 -2.73105584691501 1.33314121616471 -1.98206078513209 FALSE ""
400 25 627 1.27011581718625 -2.90399792260838 1.32892661282663 -2.0592584675103 FALSE ""
100 32 628 1.0064038433082 -3.15717688631308 0.60409161652043 -2.64869542990015 FALSE ""
300 57 629 1.09492107034815 -2.80223953325587 1.32140770274204 -2.63900160502331 FALSE ""
100 2 630 1.30079890330898 -2.52932563360925 1.70214261094918 -2.03328932530358 FALSE ""
100 17 631 1.00206680655513 -2.92231685612669 1.33826643375387 -2.71578876792571 FALSE ""
900 14 632 1.21244719067812 -3.1008453415572 1.252990632896 -2.09733810958522 FALSE ""
100 36 633 NA NA NA NA FALSE ""
700 45 634 1.22748336134491 -3.02937113391712 1.12510394852503 -1.68631160577086 FALSE ""
100 15 635 1.0337656522649 -2.03412698811073 1.05717238223462 -1.70154444121815 FALSE ""
500 85 636 0.96585247989922 -2.74560164624048 0.732373852084121 -1.59470655169856 FALSE ""
200 48 637 3.74777868381432 -1.26430416213403 4.35619422650796 -0.742490794347427 FALSE ""
800 5 638 1.01294982546566 -2.76242505402439 1.16990269810849 -2.1590372986247 FALSE ""
400 63 639 1.19299388057358 -3.16084702336762 1.45388726750703 -2.43672638886132 FALSE ""
700 5 640 1.08827874405421 -2.94352817820317 0.975009956500677 -1.58867496565193 FALSE ""
100 68 641 1.07779343874977 -4.08761807700241 0.507367989772562 -1.41644575040525 FALSE ""
600 9 642 1.2116869310888 -3.03494853141924 1.45137368626572 -2.48719489145625 FALSE ""
100 19 643 NA NA NA NA FALSE ""
200 43 644 1.4225392342799 -2.86459564702897 1.46631872738056 -1.52548200769095 FALSE ""
600 82 645 1.2807688071485 -2.72814835870632 1.23108500988371 -1.67026532199977 FALSE ""
700 74 646 1.27283141602011 -2.84410686712004 1.42415095060066 -2.21270952289768 FALSE ""
400 69 647 1.28060745146318 -3.15780473222321 1.10680059840927 -1.54564535369416 FALSE ""
300 9 648 1.06745214519228 -3.06857780452069 0.992397661338871 -1.84472808035944 FALSE ""
600 31 649 1.23564856354614 -2.70616825307714 1.42772908013303 -1.91655714848932 FALSE ""
900 89 650 11.0365139412112 -1.57965055128388 11.5840645204901 -0.513351255243988 FALSE ""
900 19 651 1.19569514855925 -3.26003953910311 1.19930101843562 -2.0543425247772 FALSE ""
900 57 652 1.13239118036069 -2.82548525600491 1.21321840845222 -2.12240457235963 FALSE ""
500 31 653 1.06335212162352 -2.87177183864075 1.1897045312351 -2.30796731970268 FALSE ""
800 18 654 1.21156095696356 -2.76553605255964 1.15793483004025 -1.69581066327703 FALSE ""
1000 21 655 1.10017801820878 -2.96724630430276 1.01526200039974 -1.88998350638025 FALSE ""
800 33 656 3.6210753837054 -1.60270137262816 4.12510491041705 -0.683464293658916 FALSE ""
100 62 657 1.34608651514704 -4.50945738158747 0.354790969729773 -1.92529623125938 FALSE ""
500 54 658 1.25614367562217 -2.78617701547806 1.48554283940941 -1.68278785612529 FALSE ""
300 84 659 NA NA NA NA FALSE ""
100 8 660 1.18666358392663 -2.61233847582673 1.18536624032521 -1.66850172326704 FALSE ""
600 59 661 13.160507789057 -1.54166491769785 13.6376598554993 -0.388496107605839 FALSE ""
200 21 662 1.05386962332665 -2.54642750599338 1.3822572441551 -2.14038674667591 FALSE ""
700 54 663 1.02470097607508 -3.12391690070125 0.8658946025838 -1.7354043123031 FALSE ""
100 84 664 NA NA NA NA FALSE ""
400 82 665 1.18156754012247 -3.00560338910032 1.47786144888146 -2.48860321112163 FALSE ""
1000 30 666 12.2616357618994 -1.48595349198053 12.7954327880518 -0.484744507319129 FALSE ""
600 83 667 1.20308042885715 -3.12843734664016 1.19311361017475 -2.11800783749173 FALSE ""
600 88 668 1.13509527349092 -2.91699467815684 1.2415738781675 -2.03707975760837 FALSE ""
1000 22 669 1.28049487808548 -3.04426363467762 1.43430078341897 -2.32209237394831 FALSE ""
300 34 670 1.18864376125552 -3.00838391648504 1.33351080684219 -2.16002999365038 FALSE ""
200 5 671 1.2274316201209 -2.47051562272892 1.32794355825594 -1.49703969819604 FALSE ""
1000 40 672 1.06799720302162 -3.17775960811231 1.16554833096093 -2.52962380668236 FALSE ""
300 21 673 1.2091452029128 -3.12256666092377 1.12042670918692 -2.08871498877973 FALSE ""
900 59 674 1.17432424433573 -3.04607932624813 1.09327400760913 -1.76225439402811 FALSE ""
200 82 675 NA NA NA NA FALSE ""
1000 90 676 1.38117796217708 -3.09381510735164 1.37208910326819 -1.89430080358976 FALSE ""
1000 60 677 1.24467574211325 -2.78587051849454 1.59988354652921 -2.36763425179793 FALSE ""
1000 61 678 1.18843690864186 -2.94534093572165 1.33636245344914 -2.05092839471676 FALSE ""
500 39 679 1.06474224756361 -2.81369688600808 1.04313726859788 -1.54259802643029 FALSE ""
700 65 680 1.0963712053711 -2.7727256631316 1.10090147560542 -1.93452771198143 FALSE ""
1000 31 681 1.2124627460457 -3.05651500011948 1.25245267401185 -1.92111076633178 FALSE ""
300 11 682 1.02911775894683 -3.12856589819132 1.06503916232483 -2.09976366709083 FALSE ""
700 11 683 1.18989550570467 -3.02222077980175 1.37321825114058 -2.44605202520389 FALSE ""
1000 14 684 1.15168013310246 -3.18698187042128 1.07370114918917 -2.04003446996867 FALSE ""
100 75 685 1.08738123082915 -3.15766368575381 0.821600267410363 -1.82287630976079 FALSE ""
1000 3 686 1.14603980123855 -3.13644824512516 1.03685455833832 -1.77140005451849 FALSE ""
1000 80 687 1.30126741359486 -3.01769586195065 1.24871938041376 -1.79138654541443 FALSE ""
300 19 688 1.17197500129966 -2.72842878944142 1.12093731426777 -1.67109866581827 FALSE ""
200 45 689 1.19629390802387 -3.41177708259156 1.16756157859801 -2.47467243062967 FALSE ""
100 85 690 0.789053092769933 -2.07295427344096 1.32745296105107 -2.23731304266176 FALSE ""
200 24 691 1.523503241511 -2.50375383711997 1.54129974210697 -1.28723788530842 FALSE ""
500 47 692 1.32032939738521 -3.28466116023875 1.30085882722097 -2.1168055522347 FALSE ""
400 28 693 1.01605217339214 -3.0706513270418 0.534525862606823 -1.42783083187929 FALSE ""
300 12 694 1.24608313877399 -2.75629582580162 1.53054233532637 -1.82523926656996 FALSE ""
700 83 695 1.23031799972526 -3.1503836875599 1.38720881890899 -2.25102246523769 FALSE ""
900 73 696 1.31627131080361 -3.27541737091411 1.28816965535849 -1.92567134925867 FALSE ""
800 75 697 1.26355284580048 -3.10363403916327 1.33268082269187 -2.18723875336528 FALSE ""
100 9 698 0.725784119050821 -2.43305190291246 1.31397857966172 -2.45081605444986 FALSE ""
700 52 699 1.20437348404231 -2.80674571469966 1.28366601405947 -1.83524354998462 FALSE ""
200 41 700 0.990944610474825 -2.50580179608264 1.37775777396263 -2.21365804425217 FALSE ""
600 13 701 1.17200064178318 -2.72082443610099 1.32349492889944 -1.97737549072171 FALSE ""
700 33 702 1.24356678053517 -2.22833355731714 1.65344445593115 -1.86433213280052 FALSE ""
700 47 703 1.20545699870073 -2.78932353027722 1.19645107007016 -1.83087579685034 FALSE ""
400 24 704 12.3182876409518 -1.60439207502269 12.8553683313009 -0.529010078131206 FALSE ""
900 78 705 1.27078423782165 -2.81421703371975 1.36968980979932 -1.75859146780174 FALSE ""
700 6 706 1.22517131123234 -2.88586850175689 1.50932020137143 -2.4188206251133 FALSE ""
1000 53 707 1.09233772264493 -2.87243826086976 1.01604471601332 -1.67552894006574 FALSE ""
900 44 708 1.23872613587082 -3.07818165354155 1.32084452556206 -2.08146557647263 FALSE ""
500 2 709 13.2707148722718 -1.74286652969666 13.7546464358688 -0.431543500962914 FALSE ""
300 63 710 1.29882861856641 -3.28381780422779 1.18059266976201 -2.20740198775879 FALSE ""
700 69 711 1.18784330688806 -3.04149987124744 1.16817861713706 -1.9221952777544 FALSE ""
600 19 712 1.22949828482178 -3.32255966726019 1.20916057176211 -2.14065635586738 FALSE ""
200 69 713 5.57587846590874 -1.6785837736982 6.10244316452391 -0.570418956087563 FALSE ""
300 17 714 1.02439066545972 -3.70067924954842 1.20663749423759 -2.80809536829058 FALSE ""
500 46 715 6.56443212393544 -1.60656314342986 7.0511087599567 -0.477728087912121 FALSE ""
1000 68 716 1.20309084113782 -2.99623255665183 1.32002895906476 -2.04605407071849 FALSE ""
500 89 717 1.19953499743294 -2.67847261751054 1.16009752906938 -1.65872013873098 FALSE ""
800 49 718 1.22646746640847 -2.8128464483189 1.41695087376212 -2.12541460367958 FALSE ""
300 87 719 3.53300119662435 -1.72324422154406 3.94336285716493 -0.566428897202835 FALSE ""
200 67 720 0.883931587706444 -2.82478155715613 1.4080159041921 -2.70433013319468 FALSE ""
300 45 721 1.26667164620472 -3.12969091859689 1.22486702742048 -1.92522707931579 FALSE ""
800 32 722 1.36734507451414 -2.56986153482505 1.59778878702161 -1.76760735464784 FALSE ""
900 72 723 1.13647087931022 -3.30267015943029 0.961943312767444 -2.01358576016292 FALSE ""
1000 62 724 1.31079190425814 -2.72933174394309 1.45959396389252 -1.95575063675881 FALSE ""
600 32 725 1.05227531590719 -3.24567161057096 1.11495665787403 -2.33147963717017 FALSE ""
1000 66 726 1.25655831123524 -3.12300454564435 1.34193319101235 -2.08204276566556 FALSE ""
600 18 727 1.10420050838858 -2.9122380833433 1.33885548720885 -2.25696032307036 FALSE ""
600 61 728 1.28524925600954 -2.6668064516791 1.50184283466648 -1.82442630775585 FALSE ""
600 39 729 1.13508730843919 -3.07619549690241 1.27313184425456 -2.20514060479763 FALSE ""
100 86 730 NA NA NA NA FALSE ""
700 72 731 1.25010140443547 -3.5999316423736 0.951389006806642 -1.89174226069515 FALSE ""
400 3 732 1.11137130222265 -3.07000278284944 1.26642507735413 -2.34507444232434 FALSE ""
800 46 733 1.25804815795888 -3.1535889045703 1.53805800730777 -2.48738985873708 FALSE ""
800 23 734 1.35942011836752 -3.22830974549419 1.49152223897658 -2.09696994145338 FALSE ""
300 59 735 1.13474635152802 -3.21002215318457 1.2996421480526 -2.332793575196 FALSE ""
900 66 736 1.26788227446204 -3.12740567444167 1.24125920853973 -1.88199045114097 FALSE ""
400 71 737 1.0699183937548 -3.05442809160528 0.859271862722845 -2.01303192719333 FALSE ""
900 77 738 6.64717215754556 -1.51738289366521 7.1760102021654 -0.468102404955179 FALSE ""
900 49 739 0.982489494641312 -2.74777548856469 1.09018564720982 -2.09015793548903 FALSE ""
400 75 740 NA NA NA NA FALSE ""
500 26 741 1.17925026585139 -3.13555068833953 1.06113568915054 -1.6876348160262 FALSE ""
200 19 742 1.28199920775586 -2.65358631401803 1.47947538467061 -1.93396884141428 FALSE ""
200 84 743 12.8440398363787 -1.80851678193586 13.3568348494018 -0.522979379376309 FALSE ""
500 83 744 1.10863751153762 -2.39771229320736 1.30408182242366 -1.81983889895353 FALSE ""
700 13 745 1.13664754907292 -2.7262676086566 1.24218879444692 -1.89910322290614 FALSE ""
800 17 746 1.21623697772789 -3.17903122302595 1.37890510253742 -2.25388907843202 FALSE ""
500 84 747 13.4534082409339 -1.61155160845419 13.828447759452 -0.278744074582012 FALSE ""
600 72 748 1.31023336942962 -2.88755823895139 1.24088824531507 -1.57540702436333 FALSE ""
500 8 749 1.13933274095053 -2.99047884950125 1.07492110761372 -1.58433391545548 FALSE ""
400 68 750 1.12233234439917 -2.96549261477405 1.3655261115889 -2.17326320793533 FALSE ""
200 33 751 1.23380047922655 -2.96299373779854 1.33241062072276 -2.48248481805973 FALSE ""
300 47 752 NA NA NA NA FALSE ""
300 40 753 1.2293846652847 -3.06607562110946 1.18293688191209 -1.99356261590536 FALSE ""
200 36 754 1.21285276473365 -2.86126052257929 1.64257035612853 -2.79400150129937 FALSE ""
100 5 755 1.2859065251695 -3.28870675740337 1.45449181787242 -2.30767707753667 FALSE ""
300 66 756 1.26587693936883 -2.81231727897273 1.47254317941319 -2.2824505424555 FALSE ""
200 81 757 13.2589698853513 -1.45893508411022 13.6747201253445 -0.391334940290022 FALSE ""
600 63 758 1.15545805919617 -2.3696059745466 1.53646714181643 -1.83218235069567 FALSE ""
700 8 759 1.02312164228935 -2.79398303607769 1.07156647563205 -2.09641339217418 FALSE ""
800 21 760 1.07981342559203 -3.13875766564135 1.03201919199385 -2.11855294690689 FALSE ""
900 7 761 1.23187655609475 -2.449163660587 1.41135395055381 -1.65371937288036 FALSE ""
1000 56 762 1.12293181349997 -3.07148337684731 1.07208283206866 -1.83501769879172 FALSE ""
600 87 763 1.16658653612735 -2.70973009038759 1.17985982074225 -1.71124058848071 FALSE ""
200 17 764 1.06003250371425 -2.77844690288722 0.903993060597304 -1.96461975352908 FALSE ""
400 62 765 1.35098718759854 -3.162286646011 1.07911996865356 -1.48359615739235 FALSE ""
700 43 766 1.13637384492245 -3.00325482599239 1.15351454010193 -2.10406936785607 FALSE ""
1000 8 767 1.12192491553415 -3.14155762823369 1.14030053976278 -2.22619157180161 FALSE ""
500 68 768 1.33952122867282 -2.7585160708476 1.47306775159798 -1.76697209825249 FALSE ""
1000 11 769 1.22529951865636 -3.18415760706718 1.2230755942833 -2.00076486442249 FALSE ""
200 4 770 1.25329619531979 -3.57959031385157 1.1717402086164 -2.12120933872701 FALSE ""
500 33 771 3.41110554023201 -1.71483370666301 3.896338410402 -0.686621137767748 FALSE ""
500 4 772 1.24228536464945 -3.0617172601107 1.35263887823981 -2.04103927265248 FALSE ""
600 86 773 1.13210885892956 -3.23518618887917 1.1782598583111 -2.09900793438346 FALSE ""
500 70 774 1.24327445453027 -2.88431869620607 1.52602454211036 -2.17311817775762 FALSE ""
200 63 775 1.26126939634426 -2.80511385327937 1.19722331468165 -1.73037054662925 FALSE ""
700 56 776 5.41112499618657 -1.51855897461378 6.00130879665859 -0.583601191699751 FALSE ""
400 70 777 1.17982307748585 -2.44826745240352 1.07501963572356 -1.26317087042461 FALSE ""
700 55 778 1.27553306679068 -3.1387173459782 1.2716394567425 -2.03416260548444 FALSE ""
100 50 779 0.641367767596642 -3.22465464705779 0.598636433943489 -1.86487894965085 FALSE ""
800 58 780 NA NA NA NA FALSE ""
300 5 781 1.01544861230877 -2.52980185637453 1.12406843260647 -2.0486474627032 FALSE ""
400 18 782 1.09857170730008 -2.87460303329738 1.00036755272027 -1.55782824425807 FALSE ""
900 2 783 1.22613538909938 -3.06798087623507 1.17915057091819 -1.94321930769627 FALSE ""
100 56 784 NA NA NA NA FALSE ""
300 81 785 1.12445757350872 -3.41348081303746 0.971879157775007 -2.18767889171506 FALSE ""
600 6 786 1.26832894602392 -3.22305982033909 1.12167213835868 -1.79535267443328 FALSE ""
100 7 787 1.43046882022092 -3.14252565140477 1.54789009492226 -2.33727838253385 FALSE ""
600 58 788 1.15692995291526 -2.95267584451006 1.43023526666427 -2.48334199919868 FALSE ""
900 33 789 1.27750210196865 -2.94500972128808 1.19317468640945 -1.7814067114568 FALSE ""
300 48 790 1.26813726007198 -2.88563254279292 1.25642009848268 -1.72431435910399 FALSE ""
400 9 791 1.30289328908515 -3.48088562319054 0.897912177938287 -1.58680970821034 FALSE ""
300 27 792 NA NA NA NA FALSE ""
800 39 793 1.23801618031335 -3.0100510674662 1.20666600334542 -1.79703368477335 FALSE ""
900 53 794 1.27952449894051 -2.8302976659086 1.39735630449448 -2.00033091953792 FALSE ""
400 57 795 1.00229872313857 -3.82885198878189 0.740530031466506 -2.42005474417959 FALSE ""
800 36 796 1.15252243258265 -2.95022851009753 1.09503380037676 -1.7767801446587 FALSE ""
1000 55 797 1.26468649086066 -3.23818630567975 1.17544146582538 -1.77103031011932 FALSE ""
600 11 798 1.074863684325 -2.61285461588411 1.38939474628435 -2.16201588859796 FALSE ""
600 78 799 1.15205056232641 -2.98846533637313 1.33734926725822 -2.21156396683501 FALSE ""
1000 25 800 1.12070092685297 -2.97765900393217 1.18251931063869 -2.28314564442283 FALSE ""
300 28 801 5.46040792039797 -1.56042987849973 6.09273570809454 -0.670315323599618 FALSE ""
400 90 802 NA NA NA NA FALSE ""
200 57 803 NA NA NA NA FALSE ""
200 3 804 NA NA NA NA FALSE ""
400 14 805 NA NA NA NA FALSE ""
300 20 806 1.14043958582227 -2.84280823939397 1.0198471338009 -1.61848729983903 FALSE ""
700 61 807 11.8414686332016 -1.48071140696974 12.4582531140993 -0.546201899911431 FALSE ""
400 31 808 NA NA NA NA FALSE ""
700 3 809 1.23142163234642 -3.38329250765066 1.0794121921354 -2.19323889199987 FALSE ""
700 49 810 1.2139537227264 -2.7461509765115 1.39570302977888 -2.05292936944075 FALSE ""
400 86 811 9.68836945361376 -1.65478851080343 10.1670799463482 -0.454246203229902 FALSE ""
1000 15 812 1.22893172573874 -3.0349216403367 1.43089572781734 -2.2689966778466 FALSE ""
1000 23 813 1.20039068673032 -2.92459042996943 1.58591680830331 -2.46363610148758 FALSE ""
1000 83 814 1.11378323113402 -2.72208524869893 1.29674859060007 -2.02869597332624 FALSE ""
600 16 815 1.22307797286823 -2.95099503151081 1.33538277116742 -2.04041273666613 FALSE ""
300 25 816 3.51439851006302 -1.62186125234633 4.11501394562891 -0.819270890299065 FALSE ""
400 53 817 1.13293620421229 -3.60344567876123 1.21170468995489 -2.71952557465962 FALSE ""
500 57 818 1.02170975238814 -3.54465247806706 0.781938464316743 -2.36184086032539 FALSE ""
1000 1 819 9.09437861823075 -1.56848883562343 9.5637290672325 -0.381357782868926 FALSE ""
500 66 820 1.26089042824231 -2.90192322180078 1.42746926350364 -2.03030530797329 FALSE ""
100 90 821 1.05047927453881 -2.90930356017486 0.832008177851046 -2.53681989625955 FALSE ""
100 33 822 1.08574727849901 -2.44186883587587 1.05879197484793 -1.6962970042795 FALSE ""
600 8 823 1.28051043932647 -3.30695498756513 1.1868597495351 -1.86529539181644 FALSE ""
300 7 824 7.37724046176714 -1.40958080304494 7.95563929755581 -0.549557957325024 FALSE ""
1000 73 825 1.21283106988783 -2.70064539587358 1.18114085634811 -1.52713261470493 FALSE ""
700 25 826 1.08839265244665 -2.87192494191845 0.909901305410546 -1.5387257117039 FALSE ""
200 8 827 1.34329988917835 -2.8574416418594 1.30548709134898 -1.38885088982985 FALSE ""
400 17 828 1.16314956428193 -3.19015893254307 1.62671883223682 -2.77250078255996 FALSE ""
900 48 829 NA NA NA NA FALSE ""
200 31 830 1.31126585476834 -2.82902184092894 1.44286441637802 -1.98729007246891 FALSE ""
500 14 831 0.994979020261036 -3.25198643311131 0.977231112831051 -2.48508060107564 FALSE ""
500 81 832 1.05858585279496 -2.98236216731525 1.19796983819855 -2.29836568678657 FALSE ""
200 26 833 NA NA NA NA FALSE ""
100 89 834 0.949107918057194 -4.27616713350438 0.637522849865526 -2.9370483143128 FALSE ""
300 39 835 1.09033045625985 -2.50868066865782 1.26738669600549 -1.64271034596519 FALSE ""
500 40 836 1.17428386452307 -3.51358239026725 1.35771145872139 -2.60096176994186 FALSE ""
800 70 837 13.0435063606882 -1.53389712944357 13.5565773420504 -0.474771256313221 FALSE ""
800 65 838 1.23426106704651 -3.14585009492794 1.27557599642934 -2.22319206855421 FALSE ""
1000 24 839 1.10215829195627 -2.78587625201762 1.18222017399543 -1.9406384964317 FALSE ""
700 80 840 1.03933420618368 -2.6045436088092 1.18217152227427 -1.79969996760002 FALSE ""
1000 17 841 9.14397188412203 -1.48410406395932 9.65019331534533 -0.431966705642009 FALSE ""
200 54 842 6.27481715978169 -1.55148966353148 6.72707266554001 -0.491566040734971 FALSE ""
700 51 843 1.11281811199223 -2.98415696629515 1.28903945602795 -2.18273631297872 FALSE ""
300 18 844 1.13708140314117 -3.30365294648761 1.4102307239955 -2.99917893986053 FALSE ""
800 26 845 1.23270909810514 -2.51663839955915 1.27909361134435 -1.55535818747659 FALSE ""
600 65 846 1.25693223865145 -3.33615596657479 1.20620867729292 -2.22081852442777 FALSE ""
500 18 847 1.28966061420629 -2.80102361223667 1.47989221369683 -1.90568126720729 FALSE ""
300 3 848 1.14771501894389 -2.67530067614287 1.14725902308685 -1.85479360253836 FALSE ""
400 15 849 1.23438332590391 -3.02023985728322 1.36067499758016 -1.82963448201766 FALSE ""
100 72 850 1.09828531384363 -3.09822749708487 0.622576496203031 -1.42249624694666 FALSE ""
400 60 851 1.17982980364872 -3.03595318400749 1.34916468188061 -2.32422403275077 FALSE ""
800 60 852 1.02958555273572 -2.73045520394142 1.10780570169589 -1.85419552874352 FALSE ""
100 69 853 1.2566219295334 -3.02983611913327 1.38370610890953 -2.30691383527077 FALSE ""
700 63 854 1.21558651703997 -3.67527479091622 1.03573016876721 -2.11674822871022 FALSE ""
200 70 855 4.45793338174426 -1.55666830073155 5.04199888574413 -0.653791154771789 FALSE ""
300 90 856 1.20988721115907 -3.63532253041226 0.987824843821994 -2.77962440553828 FALSE ""
800 1 857 12.6453694450948 -1.42968885814235 13.1361573743114 -0.396490315217564 FALSE ""
900 30 858 1.13926001202832 -3.10083001472311 1.31036262292662 -2.50071385052007 FALSE ""
400 40 859 7.48178284147892 -1.4473639663474 7.94219940131351 -0.405979134035036 FALSE ""
1000 49 860 1.08265210356276 -3.00813637563996 1.14248304272596 -2.1484314247975 FALSE ""
700 12 861 1.32232975297277 -3.02906605200634 1.48303083972259 -2.23432668653925 FALSE ""
700 38 862 1.3541229628699 -2.39403128318159 1.50750536108506 -1.53531609056856 FALSE ""
700 7 863 1.2200940452046 -2.85057472167327 1.25087517475945 -1.91152858760641 FALSE ""
900 16 864 1.14821968563084 -2.95632954397124 1.15902828343335 -1.90373775237354 FALSE ""
300 62 865 6.92669947907887 -1.59601546334034 7.41522896399377 -0.489465992614928 FALSE ""
600 24 866 1.33059149006959 -2.99074565604453 1.4738799795312 -1.87803502522532 FALSE ""
600 23 867 0.950553437287415 -3.05101514804187 0.83864628266362 -1.9637620387385 FALSE ""
500 87 868 1.17566554191029 -2.85024090224169 1.25098363071184 -2.09821524592999 FALSE ""
1000 69 869 1.14514091956819 -2.80085562060198 1.22243036753624 -1.74821891803047 FALSE ""
600 44 870 NA NA NA NA FALSE ""
300 51 871 1.13577883326287 -3.02214207998895 1.08837907473899 -1.90471962444425 FALSE ""
100 45 872 NA NA NA NA FALSE ""
400 46 873 1.30500277145583 -3.20973184988918 1.3210651797803 -2.13072355898579 FALSE ""
1000 7 874 1.21327633645699 -2.90406591470494 1.36610216453736 -1.94846125646956 FALSE ""
800 62 875 1.17326001372081 -3.15386687634275 1.06889737716438 -1.93578474909939 FALSE ""
700 21 876 1.0191342455654 -3.09478431437423 1.0523165215022 -2.38139418832581 FALSE ""
900 60 877 1.11115613372774 -3.28789535244845 1.08450347520203 -2.19345409642304 FALSE ""
900 70 878 1.31931303400902 -3.1313707408059 1.55381841258921 -2.27299451992472 FALSE ""
300 2 879 1.08710260740618 -3.36240627291 1.1343059259498 -2.01751505664696 FALSE ""
1000 86 880 1.15174691622955 -2.80016399105324 1.3677258590526 -2.10178752041436 FALSE ""
600 90 881 NA NA NA NA FALSE ""
700 22 882 1.25549400602081 -3.11003002179342 1.35717155682266 -2.09131189081802 FALSE ""
700 85 883 1.18819868807402 -3.12058889368585 1.28447522835561 -2.00512372002814 FALSE ""
400 34 884 1.09576591683763 -2.752786861245 1.19706574344998 -1.85802480657315 FALSE ""
700 79 885 1.27504183250385 -3.06680571865098 1.27021848709597 -2.06037043161971 FALSE ""
100 23 886 1.49626596638847 -1.88785642603801 1.61275955679111 -1.18690285740338 FALSE ""
900 52 887 1.14845107178257 -2.82370331919021 1.38311128684267 -2.2425187973011 FALSE ""
400 27 888 1.1549036420461 -3.14310249943618 1.41657261087889 -2.87642963905275 FALSE ""
900 31 889 1.24080977534474 -3.0636806210049 1.23571475753608 -1.8245365157104 FALSE ""
300 58 890 1.10357699022292 -3.16106996265263 1.11701725006802 -2.19705134028249 FALSE ""
500 61 891 1.10561800838656 -3.30879389201951 1.17140552822565 -2.28319279443061 FALSE ""
1000 67 892 1.20177456270937 -3.04453225720823 1.14962377129505 -1.82350961997775 FALSE ""
600 80 893 1.31899797437813 -2.70089576828858 1.48400400738881 -2.18596028481247 FALSE ""
1000 57 894 1.23563865673643 -2.87943775380465 1.26347113310943 -1.86293278756235 FALSE ""
1000 63 895 1.20237748027485 -2.93584912707329 1.45590389484355 -2.15431661666837 FALSE ""
300 33 896 1.21778613034503 -2.97831894601479 1.69682568621562 -2.37688724049323 FALSE ""
200 53 897 1.14409739176841 -3.31997143367417 1.11031196929515 -2.14406334838901 FALSE ""
200 10 898 1.12081611129943 -3.05825000648072 1.63301020774857 -3.22259316240346 FALSE ""
700 88 899 13.385645339887 -1.61518510470446 13.9006383903396 -0.466040404723907 FALSE ""
800 45 900 1.11031856436261 -3.29978905266225 1.13730186314853 -2.41624942306209 FALSE ""
