"n" "rep" "id" "b0_mu_hat" "b1_mu_hat" "g0_si_hat" "g1_si_hat" "error" "errorMessage"
50 385 1 NA NA NA NA FALSE ""
50 150 2 0.92174590754582 -3.87801839408685 0.247028422620316 -1.95505646283318 FALSE ""
50 171 3 NA NA NA NA FALSE ""
50 489 4 1.30864802091396 -3.37403435316055 0.531385720755558 -1.30340757735045 FALSE ""
50 309 5 1.30464409021266 -2.75776497796452 1.33883972495666 -2.13338440114936 FALSE ""
50 440 6 1.1383123789612 -3.85775198525945 0.14076555012945 -0.977021821148722 FALSE ""
50 141 7 0.767099279810365 -4.14212742615652 0.679001302599383 -3.28283836001688 FALSE ""
50 1 8 0.724850145473286 -3.16239356207819 0.742159953187036 -2.90188044054459 FALSE ""
50 178 9 0.779754019478988 -3.12278993936843 0.313672266378413 -2.23211363951687 FALSE ""
50 13 10 0.733661917623252 -2.77964637910855 1.59772116190857 -3.71749307568745 FALSE ""
50 304 11 1.41839287020638 -2.19757946960245 1.26642864769803 -1.10375831243066 FALSE ""
50 462 12 1.30841471671324 -3.43820795134788 1.48491897021555 -2.52917439852785 FALSE ""
50 205 13 1.00045856961983 -3.27859974341169 2.23839209832126 -4.37540190761734 FALSE ""
50 35 14 6.71215800484339 -1.22439001228342 7.46989911809376 -0.751285813918344 FALSE ""
50 249 15 0.689403287410594 -2.64711444553173 1.09087723183462 -2.94037425510373 FALSE ""
50 376 16 0.756694111715886 -4.4253855168958 0.855081187035522 -4.00309700817181 FALSE ""
50 443 17 11.1015706956234 -1.1911316039043 11.8312133797237 -0.691722406991741 FALSE ""
50 409 18 NA NA NA NA FALSE ""
50 471 19 1.24320489286604 -2.28795954162598 1.22241215857473 -1.17257376828523 FALSE ""
50 36 20 1.21723953258506 -3.96717898512824 1.40608550576612 -3.66922290501866 FALSE ""
50 494 21 11.5815832893271 -1.48960190690564 12.6965601183819 -1.34542135715808 FALSE ""
50 326 22 0.980912382860843 -1.85848663674043 2.03510146023238 -2.47118753627721 FALSE ""
50 298 23 1.19067131051232 -3.06000360209686 1.04229415901698 -1.86376447381562 FALSE ""
50 346 24 1.24382975878191 -3.09027449343029 0.948447400163927 -2.01934358910216 FALSE ""
50 10 25 1.67756621994873 -4.26730040575766 2.03287332108495 -3.70253779457902 FALSE ""
50 220 26 1.33715014361934 -2.60309001777493 1.1745745466997 -1.95366742335744 FALSE ""
50 382 27 1.60943596162728 -5.60105366748764 -0.643465171317475 0.206522069003249 FALSE ""
50 54 28 0.948494886273597 -4.46864248392155 0.492951261882529 -2.93501906329184 FALSE ""
50 381 29 1.28733047670298 -4.61220871637749 -1.2347681220284 -0.410443772839874 FALSE ""
50 431 30 1.538805576115 -5.38940024711934 2.07724580054884 -5.69773655596543 FALSE ""
50 59 31 NA NA NA NA FALSE ""
50 131 32 1.15446688843106 -3.3079423794999 2.30689453672486 -4.24559155279977 FALSE ""
50 181 33 1.27882756519323 -2.08857498618049 1.68254539189531 -1.32422296486175 FALSE ""
50 408 34 1.39373395684 -3.92705275852963 1.39404597127605 -2.97041757491609 FALSE ""
50 303 35 1.03001414070669 -5.02050203529324 -0.694969895640666 -0.417401459896949 FALSE ""
50 179 36 0.805246694741702 -3.88681453966069 0.27789808833623 -2.34507750927847 FALSE ""
50 290 37 4.29762202240635 -1.64320069443889 4.72752725709666 -0.430646835641884 FALSE ""
50 85 38 1.09815657855123 -3.4698035070216 -0.20009521730878 0.106891894718783 FALSE ""
50 218 39 1.16243037768009 -3.5304500233837 1.17521165716434 -1.82324013288099 FALSE ""
50 488 40 0.244250227727742 -3.18961823795121 0.036353062294707 -3.60673016592414 FALSE ""
50 2 41 0.591842737137026 -2.97062581701816 -0.464267205705028 -0.422632476756886 FALSE ""
50 227 42 0.912393647715231 -2.30493800228817 1.49351169217034 -2.77183378326619 FALSE ""
50 213 43 0.921214728041036 -2.84987804741484 0.218290714233842 -0.583147742445989 FALSE ""
50 98 44 0.351496903120278 -3.20264000817257 -0.625920045069003 -0.637911797959862 FALSE ""
50 58 45 4.91784071350008 -1.12427103283081 5.79309783018775 -0.905285728191116 FALSE ""
50 215 46 0.829217523681365 -2.90368882467559 1.54021901020912 -3.03694393241588 FALSE ""
50 466 47 1.20602572865807 -3.10093370686631 0.299297763758989 -0.764155019502414 FALSE ""
50 445 48 0.904805323071037 -2.76862776418167 0.558880549707948 -1.58699164337169 FALSE ""
50 246 49 1.10849193635203 -3.9850553667728 1.17996016809442 -3.32461095880838 FALSE ""
50 423 50 1.23053817892224 -4.31748600880275 1.69197742226451 -3.70959696941112 FALSE ""
50 25 51 0.574695667911804 -3.37564185888359 0.389078573057717 -1.49300464989076 FALSE ""
50 258 52 5.95043139223116 -1.74295977259135 6.44817529942233 -0.49709641707062 FALSE ""
50 34 53 1.21211279115437 -3.68311084156847 1.1889610797789 -2.77957988007277 FALSE ""
50 327 54 0.813824068864841 -3.95035025525487 -0.319961062702458 -1.16141914440837 FALSE ""
50 347 55 NA NA NA NA FALSE ""
50 317 56 1.89507858437861 -1.39282950471213 2.94979189965629 -2.29037928115561 FALSE ""
50 75 57 1.00320389412398 -5.7797209414519 -0.607329993127868 -2.1384367331465 FALSE ""
50 29 58 3.62613698934269 -1.44108957992614 3.83942898737155 -0.250979481074027 FALSE ""
50 153 59 NA NA NA NA FALSE ""
50 91 60 0.999457439710894 -3.22910225245302 1.14916949584502 -2.54599134597476 FALSE ""
50 149 61 NA NA NA NA FALSE ""
50 284 62 1.31734448920007 -2.56755448356143 1.15227027373239 -1.06539688967737 FALSE ""
50 475 63 1.19812118983718 -2.22122685180335 2.61017082555165 -2.86098283253073 FALSE ""
50 337 64 12.456614301282 -2.20265888846495 12.8461826668726 -0.380121472563209 FALSE ""
50 320 65 NA NA NA NA FALSE ""
50 480 66 1.0512388197564 -3.13039864112116 1.18362435061994 -1.86865593510795 FALSE ""
50 124 67 NA NA NA NA FALSE ""
50 70 68 1.42642636741595 -4.79492086787277 0.493765939280203 -1.62924153247933 FALSE ""
50 72 69 0.921216345365889 -4.58350336133056 0.821518118812496 -3.68893909554816 FALSE ""
50 439 70 0.72719301360039 -3.44456392637607 -0.110745162068887 -0.615628714966386 FALSE ""
50 301 71 NA NA NA NA FALSE ""
50 416 72 2.48831231553065 -1.45355725091563 2.91171898606994 -0.732869102911991 FALSE ""
50 48 73 0.534087603598242 -2.75797488397768 0.907732933440517 -1.77275598283547 FALSE ""
50 341 74 0.762001384703968 -5.76357659445392 -1.22074434581865 -1.15676333796826 FALSE ""
50 162 75 1.0012202488222 -3.88152470267979 0.744192220048069 -2.51379170876038 FALSE ""
50 365 76 0.838204600026104 -4.1995144340662 0.702377245844109 -3.24985848476259 FALSE ""
50 79 77 NA NA NA NA FALSE ""
50 200 78 1.13270736343481 -5.11363816932052 1.33658741326171 -5.07764046148125 FALSE ""
50 441 79 1.04547239327077 -2.53016630538118 1.08077753538126 -2.27037685237887 FALSE ""
50 411 80 1.2092066806581 -3.06685623161572 1.24388598981329 -1.95113175556514 FALSE ""
50 470 81 NA NA NA NA FALSE ""
50 182 82 1.17561972091882 -4.27250702198176 0.5173005780928 -2.84740888251398 FALSE ""
50 265 83 3.06548274884438 -1.22425752309444 3.81888261909218 -1.01701752417318 FALSE ""
50 389 84 NA NA NA NA FALSE ""
50 228 85 0.449973814952131 -4.5369458854064 -0.586587674730263 -1.07905368469585 FALSE ""
50 437 86 1.409437252991 -2.87915719392791 2.16804312078513 -3.31132428012603 FALSE ""
50 438 87 NA NA NA NA FALSE ""
50 323 88 0.912898728539899 -3.45183253497235 0.282874710219829 -1.20871820207813 FALSE ""
50 65 89 1.49902907197682 -1.42096636564112 1.57139880182875 -0.775450535270302 FALSE ""
50 371 90 1.22756724838693 -3.78872423695275 0.974582115042346 -2.64628986141591 FALSE ""
50 314 91 0.804656729802817 -4.88343162489998 0.315015833060755 -4.02561564763264 FALSE ""
50 95 92 0.286684977756824 -5.26727880704998 -1.2063388524051 -2.37649452832545 FALSE ""
50 369 93 NA NA NA NA FALSE ""
50 51 94 0.782651477440666 -3.28283413431505 0.43368609558807 -2.43701300915832 FALSE ""
50 223 95 1.44823572935331 -2.41631812025213 2.19491475224806 -2.91636819252057 FALSE ""
50 20 96 1.15220033958648 -2.54945837794055 1.3209200956459 -1.55770828000077 FALSE ""
50 398 97 1.07382743712389 -2.83337902373182 0.2412414273302 -0.483872173288776 FALSE ""
50 368 98 1.13020644961309 -4.40073213990464 0.401462756134265 -2.10553206541821 FALSE ""
50 288 99 0.708287305007878 -3.19695414902653 -1.0183585758352 0.240811633064559 FALSE ""
50 426 100 1.19704255728474 -3.00268436335939 0.624074369676421 -1.41786394804623 FALSE ""
50 430 101 1.11153358619943 -2.90870450662896 1.49265591659523 -3.24243245311394 FALSE ""
50 271 102 NA NA NA NA FALSE ""
50 495 103 NA NA NA NA FALSE ""
50 244 104 0.320136561992263 -3.9888479018638 -1.13208420908478 -1.56475358513957 FALSE ""
50 49 105 0.986783170977971 -4.07111978863504 0.181664495077617 -1.67345824516511 FALSE ""
50 270 106 1.09813514478054 -4.64317095008869 1.17513753969009 -3.50834863476053 FALSE ""
50 134 107 10.8715193183969 -1.04849510486112 11.2602977459522 -0.0351653041727849 FALSE ""
50 120 108 0.768197305434517 -3.45831627891183 -0.715196119898995 -0.126089365835172 FALSE ""
50 239 109 0.710709113647707 -3.74022805244801 -0.918659841206287 0.433479481052626 FALSE ""
50 90 110 1.53282633889152 -2.47512447479641 1.94239141895816 -1.66439501406286 FALSE ""
50 101 111 1.48358599482794 -2.8831758441779 1.89663444899557 -2.9356332723395 FALSE ""
50 102 112 2.29807371051321 -1.97638794545742 2.75779014677022 -1.29582913762085 FALSE ""
50 354 113 0.883819660364836 -3.10447819949102 0.308605707095213 -0.55054090756884 FALSE ""
50 262 114 1.41956752918241 -2.50410378516115 1.37511236812813 -0.979345310923754 FALSE ""
50 46 115 1.44102025982023 -4.17941320731131 1.52903929531584 -3.72518117109678 FALSE ""
50 252 116 1.32086541129642 -3.27877691455742 1.18049695354662 -2.48375020041369 FALSE ""
50 492 117 0.932627327207408 -2.59284645786304 0.838644324075454 -2.5289406791495 FALSE ""
50 152 118 NA NA NA NA FALSE ""
50 212 119 5.4516841665926 -1.08860496655136 5.84991746764988 -0.311802530037344 FALSE ""
50 421 120 NA NA NA NA FALSE ""
50 499 121 1.87831723146715 -2.32462817151181 2.16294517540879 -1.09170407151394 FALSE ""
50 44 122 9.7901276602651 -1.75495516532844 10.6785048060988 -1.1103172647548 FALSE ""
50 281 123 NA NA NA NA FALSE ""
50 192 124 NA NA NA NA FALSE ""
50 165 125 0.805889612026069 -2.36694763142923 1.1371091434036 -2.00160668401899 FALSE ""
50 33 126 1.30468277028755 -3.34404807625585 2.43515200425557 -4.03128027014378 FALSE ""
50 96 127 1.15471585362942 -3.47691629113917 1.69393710885571 -3.93540597109347 FALSE ""
50 194 128 12.193171296399 -1.44626009943115 12.5901494591079 -0.067204453686369 FALSE ""
50 353 129 1.35118227677627 -2.94506462120636 0.894730812006677 -1.26127871118865 FALSE ""
50 413 130 1.6937720153864 -3.60817814997033 1.50039367098414 -1.46560497799121 FALSE ""
50 83 131 NA NA NA NA FALSE ""
50 130 132 2.76567372832549 -2.10453124992427 3.56667203572672 -1.24600831599493 FALSE ""
50 404 133 1.5243820074621 -2.52531435070952 1.61329190237752 -1.12166723012324 FALSE ""
50 425 134 1.89978622957789 -2.72083780497658 1.79023044928466 -1.18001956342764 FALSE ""
50 245 135 0.319615855940877 -2.27235963343958 -0.0337055726650677 -1.08445249345702 FALSE ""
50 316 136 1.1297098560537 -2.76614421486433 2.71327141938915 -5.34550285648176 FALSE ""
50 460 137 1.24079141444663 -2.36958950081406 2.00427568319877 -2.94597755936198 FALSE ""
50 99 138 NA NA NA NA FALSE ""
50 435 139 5.06497090829897 -1.19668316978036 5.45047999163496 -0.385364581763514 FALSE ""
50 285 140 3.15167249726474 -1.72346093540943 3.28486558384383 -0.033278929409577 FALSE ""
50 219 141 1.26730132393237 -2.29073922204746 1.3088057263074 -1.00368990475422 FALSE ""
50 428 142 0.765955221995527 -4.10149185709472 0.12727840438928 -2.43791196779835 FALSE ""
50 375 143 0.541822228618799 -2.8984826960739 -0.216415108470723 -0.831643520518986 FALSE ""
50 276 144 NA NA NA NA FALSE ""
50 184 145 0.972001045468574 -1.81961333740361 1.3720047702155 -1.65965326064015 FALSE ""
50 274 146 0.350279219235852 -2.6227664601791 -0.828935267149962 -0.235341439938587 FALSE ""
50 89 147 5.38563100400152 -1.48257119658283 5.75660728381856 -0.389202302455443 FALSE ""
50 207 148 NA NA NA NA FALSE ""
50 63 149 1.54384844168734 -4.08593890774648 1.20857131013513 -3.25692840545032 FALSE ""
50 496 150 1.70732029854531 -5.2852335421877 3.21349125063995 -7.48660063317448 FALSE ""
50 468 151 0.714730742025394 -2.28269570954172 1.09350224197795 -2.18924124136996 FALSE ""
50 242 152 0.876245387080166 -2.21770265336862 1.17849043607962 -2.14786282894273 FALSE ""
50 68 153 3.08515476547361 -2.05276333682725 3.24467588508231 -0.439543697561492 FALSE ""
50 108 154 0.742766795704083 -2.35442722962586 1.50756769984476 -3.49347492382021 FALSE ""
50 210 155 12.1352690204041 -1.20698748125083 13.0245392636208 -0.912109508076532 FALSE ""
50 158 156 9.47135466709177 -1.68825064931589 10.741178898126 -1.3482496684733 FALSE ""
50 479 157 0.955595379004428 -3.05861371059253 1.07688888459336 -3.087602119526 FALSE ""
50 103 158 0.674834446443542 -2.68738355760554 0.213659521966114 -2.44843992684453 FALSE ""
50 67 159 5.08286124230548 -2.26756193805406 5.632670601536 -0.840152020805508 FALSE ""
50 387 160 4.31574578312701 -1.19296399609724 5.13209417061587 -0.750201497406221 FALSE ""
50 467 161 NA NA NA NA FALSE ""
50 26 162 1.30390781719225 -2.25674769068739 1.8290191085798 -2.15358767670106 FALSE ""
50 321 163 0.82204005152038 -3.13579906518177 1.00612987095696 -3.03761862687802 FALSE ""
50 199 164 0.870843652430375 -3.72837782951666 0.745769083481951 -2.84929954136767 FALSE ""
50 148 165 1.15473627523691 -4.84542937121631 0.787681835533402 -3.90554858331631 FALSE ""
50 117 166 1.3919246550519 -3.30601799287251 1.49308628891826 -3.30351082878536 FALSE ""
50 487 167 0.570136807787354 -2.35028894099142 0.75827571755857 -2.26941734061518 FALSE ""
50 497 168 NA NA NA NA FALSE ""
50 394 169 3.23749656137221 -1.18014965269254 4.56887945017778 -1.47024181351924 FALSE ""
50 340 170 10.290355219294 -1.28185092807883 11.0661702792311 -0.812355270182158 FALSE ""
50 328 171 NA NA NA NA FALSE ""
50 330 172 1.30700201417327 -4.21009503041877 0.480925501723422 -2.10215003845567 FALSE ""
50 372 173 1.34099491645201 -2.04986331988333 1.59132154734339 -1.26763561287447 FALSE ""
50 469 174 0.971113355570076 -2.70794557840466 0.162142688501784 -1.02396264304715 FALSE ""
50 383 175 NA NA NA NA FALSE ""
50 197 176 4.97509841814172 -1.46383144893852 5.47792201981975 -0.509190771399139 FALSE ""
50 109 177 0.169755501028844 -1.38362379153236 1.06120822590611 -2.26708258514111 FALSE ""
50 174 178 36.8248449127611 -2.16536980998282e-14 37.5183446080426 7.41834808572404e-15 FALSE ""
50 163 179 NA NA NA NA FALSE ""
50 463 180 1.19017667662499 -4.28498427507766 0.148086014937184 -1.19752835530165 FALSE ""
50 300 181 NA NA NA NA FALSE ""
50 119 182 0.652303469027905 -2.21789036698812 0.573806933722329 -1.58467146452787 FALSE ""
50 386 183 NA NA NA NA FALSE ""
50 429 184 1.02943897460229 -1.08738118639423 2.24963122985209 -2.18390614951477 FALSE ""
50 104 185 1.52611642555464 -3.11162044551604 1.62086711358213 -1.98326660259965 FALSE ""
50 170 186 1.4112224685432 -2.06054923943358 1.74232896731126 -1.72955126029702 FALSE ""
50 37 187 7.78438111410179 -1.39385976814519 8.64449236394149 -0.860612555593719 FALSE ""
50 81 188 1.57947367944463 -1.97143384756911 1.57579621288029 -0.708703601326631 FALSE ""
50 76 189 NA NA NA NA FALSE ""
50 392 190 1.26735718567064 -2.02456257609569 0.713335469186831 -0.675534435419614 FALSE ""
50 138 191 0.896387457352254 -2.37841160769333 1.72536503620245 -3.15447380651214 FALSE ""
50 446 192 1.38251677043751 -1.90877974115728 1.51491007135838 -1.6865217028085 FALSE ""
50 449 193 3.00917364606975 -1.24482444819138 3.83505210400909 -1.12436127091332 FALSE ""
50 390 194 NA NA NA NA FALSE ""
50 280 195 1.58265684170509 -1.99057493277109 1.64556039291926 -0.833010237991112 FALSE ""
50 342 196 NA NA NA NA FALSE ""
50 204 197 NA NA NA NA FALSE ""
50 22 198 5.51943964812241 -1.60898407771347 5.92726333912638 -0.350503366664819 FALSE ""
50 493 199 0.778199244263196 -3.65017285329671 0.886855723832997 -2.95740037765979 FALSE ""
50 53 200 0.866588019584001 -4.31290208604437 0.652804126829071 -3.04552782107614 FALSE ""
50 405 201 NA NA NA NA FALSE ""
50 403 202 1.15396249892396 -3.83724774769467 0.983500431247065 -1.98082381601279 FALSE ""
50 64 203 1.19848761620297 -4.2915533605979 2.6716046744555 -6.44659619887003 FALSE ""
50 370 204 NA NA NA NA FALSE ""
50 105 205 NA NA NA NA FALSE ""
50 305 206 1.52904022218111 -2.86997860514244 0.867032443161609 -0.334813948127406 FALSE ""
50 332 207 1.27624026797612 -3.75700541844189 0.759386287565309 -3.3270360967658 FALSE ""
50 351 208 NA NA NA NA FALSE ""
50 380 209 NA NA NA NA FALSE ""
50 41 210 0.523993346693473 -3.5109669258676 0.501454418013292 -2.93691637007872 FALSE ""
50 140 211 1.18310261603549 -4.11885629305585 1.47056201700613 -4.61755364649865 FALSE ""
50 6 212 1.29937710621949 -3.38864350406982 0.546888540535298 -1.08802627288834 FALSE ""
50 224 213 0.834460313571302 -4.25116914294915 0.403714202321219 -2.64899089568016 FALSE ""
50 401 214 1.05579173765288 -1.17838924524976 1.1793132719073 -1.16279935051406 FALSE ""
50 453 215 NA NA NA NA FALSE ""
50 361 216 0.814408883782241 -2.92688999321656 0.620579801565568 -2.95583711678595 FALSE ""
50 113 217 NA NA NA NA FALSE ""
50 233 218 0.99740026949207 -2.34541554188423 1.00816478065648 -1.0271476571386 FALSE ""
50 465 219 1.04149937570474 -2.58828631817152 0.188901484162271 -0.320463384482678 FALSE ""
50 151 220 NA NA NA NA FALSE ""
50 82 221 12.3704307167194 -1.47213990777174 12.6550669796511 -0.187987774283583 FALSE ""
50 16 222 1.30961951660132 -2.95501287915969 1.71192080731596 -2.82017972529545 FALSE ""
50 60 223 0.890840362733317 -4.34790772445451 0.579650798836242 -3.45590159485684 FALSE ""
50 235 224 1.12116771115907 -3.45842644991794 0.531826950276168 -2.54948733980728 FALSE ""
50 418 225 1.0308846887327 -5.79039664246643 0.375183668373214 -4.12622929033071 FALSE ""
50 168 226 0.858457449488431 -5.60176723432834 -0.948384468664522 -2.85806312246843 FALSE ""
50 313 227 1.08808901848322 -2.55697438808985 0.699154177682374 -1.33060514373753 FALSE ""
50 357 228 1.62926439949072 -0.982443413878753 2.53624736325851 -1.02027649567707 FALSE ""
50 107 229 NA NA NA NA FALSE ""
50 395 230 NA NA NA NA FALSE ""
50 175 231 2.799278475851 -2.12649602549607 3.20890377918217 -0.986089718405634 FALSE ""
50 477 232 0.840926512752852 -2.86725979664397 0.714150212120096 -1.33412519181104 FALSE ""
50 483 233 1.16961962178219 -1.81302337420735 2.04665279149463 -1.9164329593177 FALSE ""
50 359 234 NA NA NA NA FALSE ""
50 427 235 2.80145950032209 -1.96453039179466 2.88007610098663 -0.260124154703843 FALSE ""
50 196 236 1.12136918177466 -3.60798545031806 0.498580936445659 -2.12701965912974 FALSE ""
50 289 237 1.51489715661354 -8.63215088786719 -0.801494791046745 -3.83139447292151 FALSE ""
50 410 238 NA NA NA NA FALSE ""
50 484 239 27.827149499876 7.45139993295778e-15 28.433535842582 -1.47115197459224e-15 FALSE ""
50 69 240 12.5530488743021 -1.41473532976576 13.0986410473319 -0.506473011113932 FALSE ""
50 481 241 1.03559636595168 -3.924758557374 0.585769547400991 -1.65406546509181 FALSE ""
50 71 242 3.64872793739569 -1.13580729652755 4.14980884741804 -0.59364905361958 FALSE ""
50 294 243 5.63581997303142 -1.34742496502264 6.14322469716081 -0.496425486696967 FALSE ""
50 324 244 1.01510502796626 -2.91534006654691 1.17446186417456 -3.36951877598454 FALSE ""
50 27 245 NA NA NA NA FALSE ""
50 202 246 12.1929224659609 -1.36230661405108 12.4672650935702 -0.0812639039888685 FALSE ""
50 232 247 4.52575674195112 -1.71959194486691 4.78350010378881 -0.318441997312331 FALSE ""
50 399 248 1.52634145809744 -3.53465709253908 0.71705337892088 -1.0118960197469 FALSE ""
50 358 249 1.07820058634002 -3.21843750937701 0.472399838730575 -1.74595782710732 FALSE ""
50 236 250 NA NA NA NA FALSE ""
50 378 251 0.923132174156639 -1.84489463585504 0.324658090823316 -0.654729929114379 FALSE ""
50 115 252 4.69741807713949 -1.14188699491854 5.14289489566286 -0.380008778031427 FALSE ""
50 253 253 1.00873080549182 -3.22681611005437 1.40680668628857 -3.49195262406252 FALSE ""
50 5 254 0.859463047094925 -1.93609690052323 1.35555418304048 -1.76381962036036 FALSE ""
50 73 255 NA NA NA NA FALSE ""
50 348 256 0.519633667314645 -2.17933953051966 0.870474563987024 -1.71102110367105 FALSE ""
50 414 257 1.2607965241372 -3.2935185900154 0.83680124200892 -2.13693902882607 FALSE ""
50 3 258 NA NA NA NA FALSE ""
50 209 259 1.06681836144293 -2.51561831568714 0.736453804106053 -1.66634993998377 FALSE ""
50 325 260 NA NA NA NA FALSE ""
50 393 261 NA NA NA NA FALSE ""
50 384 262 1.1596670713177 -4.34447896451034 0.710928221478796 -2.7343650403797 FALSE ""
50 498 263 0.7439015986049 -2.77874381050117 1.47912847018774 -3.38160304475764 FALSE ""
50 436 264 1.41437596026287 -2.8782886212194 1.80246334103413 -2.41298496022826 FALSE ""
50 142 265 1.01994780131718 -2.21499855663074 1.34039792005765 -2.49238971353262 FALSE ""
50 464 266 0.699429786356655 -2.36852166510703 0.716250654762749 -2.02827729055338 FALSE ""
50 259 267 0.879402986670946 -2.24004942364638 0.0798828485289989 0.110748506316577 FALSE ""
50 23 268 1.19595190913538 -3.24142789957749 0.341621341762178 -0.867755896748581 FALSE ""
50 318 269 1.22776747524027 -1.75117714921613 1.68872573393111 -1.47392394334859 FALSE ""
50 250 270 1.19555349044765 -4.03571333707377 0.21470760952561 -2.22874362897644 FALSE ""
50 344 271 0.57325984761457 -2.25471629288013 0.731669257134381 -1.76532384290429 FALSE ""
50 201 272 1.20622402460126 -5.28617826497246 0.40062226566953 -3.49564829681692 FALSE ""
50 42 273 1.20882115479433 -3.58277544561038 1.36523613040728 -2.95234518278308 FALSE ""
50 216 274 1.39844613565836 -1.52676349011886 1.86035475915253 -1.34618021906201 FALSE ""
50 308 275 1.05671602789477 -2.50418689027934 2.08958088440168 -3.66961112419139 FALSE ""
50 367 276 0.982193168320195 -6.20353397011314 0.931933116984485 -4.09003508183081 FALSE ""
50 473 277 NA NA NA NA FALSE ""
50 94 278 1.10441090460779 -5.75798737079012 0.395389212724582 -2.28480896404278 FALSE ""
50 127 279 NA NA NA NA FALSE ""
50 279 280 NA NA NA NA FALSE ""
50 476 281 1.35086545886748 -6.80347749354432 -0.332943572334711 -2.35646304639371 FALSE ""
50 406 282 0.427553942754515 -2.57511226560271 1.54033497782952 -3.87546371154081 FALSE ""
50 486 283 3.34023053316337 -1.83364225115577 3.49969548064813 -0.246565082796137 FALSE ""
50 18 284 1.20965047457587 -2.57692760766911 2.46380902013481 -3.97182832748106 FALSE ""
50 432 285 1.02699569535929 -1.96255879234723 1.45319074700291 -2.08812092521007 FALSE ""
50 243 286 12.3024834103639 -2.87246553227819 12.7802565405001 -0.707452735762406 FALSE ""
50 116 287 NA NA NA NA FALSE ""
50 206 288 NA NA NA NA FALSE ""
50 195 289 1.14854429433472 -4.01366948361216 0.294792541067734 -1.29517151633244 FALSE ""
50 366 290 1.30475389988199 -5.53445643699864 -1.2419822927718 -1.5139358975549 FALSE ""
50 7 291 0.606520838253868 -2.46120447895422 0.874017422978277 -2.06494568436717 FALSE ""
50 248 292 0.911499019810483 -3.50440913671172 -0.454574878662784 0.146463544089643 FALSE ""
50 160 293 0.62127594718773 -2.05849133803533 1.53252163300523 -2.9214800013671 FALSE ""
50 226 294 1.26942832061523 -2.90708879614073 1.37337877562683 -3.47726823648586 FALSE ""
50 45 295 1.35393468710895 -2.7534225125768 1.10991706235599 -1.308133799796 FALSE ""
50 106 296 1.10378081064642 -2.72520895569152 0.920279970433325 -1.6544875583889 FALSE ""
50 137 297 10.5562132826223 -1.63716841626051 11.408597396135 -0.884685643812838 FALSE ""
50 286 298 1.02675196566941 -1.47409049268365 2.78512595554664 -3.806736089192 FALSE ""
50 146 299 0.684153382449153 -2.18650288630779 0.378159715462598 -0.656918787006184 FALSE ""
50 43 300 2.90001174185023 -1.49612425683051 3.44851696860197 -0.926272969689262 FALSE ""
50 310 301 NA NA NA NA FALSE ""
50 269 302 0.882234497701175 -4.76374411688441 -0.786585184763522 -2.49801925912098 FALSE ""
50 412 303 2.91057278277884 -1.04904302150315 3.76350417494366 -1.03918730566039 FALSE ""
50 159 304 1.47248365489865 -3.173499805917 2.18350524236757 -3.40059750071391 FALSE ""
50 448 305 NA NA NA NA FALSE ""
50 15 306 4.92802722258127 -0.987882291476372 5.97179462063475 -0.962319391264459 FALSE ""
50 78 307 1.38888935381678 -3.68274853662069 0.328403650761325 -0.700664765155402 FALSE ""
50 50 308 NA NA NA NA FALSE ""
50 268 309 7.94244918993752 -1.6416158541199 8.728278275504 -0.737393153926117 FALSE ""
50 114 310 1.15927809424715 -3.09746534756925 0.809967273016364 -2.09847593855288 FALSE ""
50 169 311 1.30500365079748 -3.49361154382645 1.37596569880373 -1.82566929383335 FALSE ""
50 198 312 1.8543889800841 -1.49937899300337 1.88821116030115 -0.290260484992163 FALSE ""
50 156 313 NA NA NA NA FALSE ""
50 377 314 1.12791990190536 -2.52122041387169 1.66179982422474 -2.63974316966053 FALSE ""
50 338 315 1.28402430629054 -3.13837609889377 1.07157110290889 -2.11393809304659 FALSE ""
50 39 316 1.44202236044355 -2.24403346892157 1.06225763051017 -0.802543858158223 FALSE ""
50 345 317 0.809901916064682 -3.05050951160818 0.692317879172935 -1.50824827363405 FALSE ""
50 315 318 1.01220261680381 -4.15422624200771 -0.189042742387893 -1.5493795954448 FALSE ""
50 139 319 0.708638977228397 -2.84278834546584 0.0411266373025518 -1.14639409376425 FALSE ""
50 66 320 1.17428181957537 -2.04796981212818 2.01492455832906 -2.86764659339769 FALSE ""
50 80 321 0.918274404908765 -2.21236022391564 1.55999990766732 -2.65439375121537 FALSE ""
50 88 322 0.987672563336022 -3.55563125519507 1.36975605581109 -4.22925044078372 FALSE ""
50 121 323 0.829663352398362 -2.24147580461092 3.02638923303943 -4.5691509549719 FALSE ""
50 221 324 0.835799256052229 -2.91619544079659 1.46839919698455 -3.05276368884325 FALSE ""
50 349 325 12.6247045139809 -1.59634322644821 13.221668673227 -0.613235041795144 FALSE ""
50 56 326 1.10295335821425 -3.28574858134776 0.443710744011742 -1.33198717779878 FALSE ""
50 57 327 4.93718195302244 -1.59624807073007 5.39762534060097 -0.464789001536208 FALSE ""
50 166 328 1.55651413527327 -3.98938067106359 1.09753457350046 -3.29108280657199 FALSE ""
50 420 329 NA NA NA NA FALSE ""
50 135 330 NA NA NA NA FALSE ""
50 306 331 NA NA NA NA FALSE ""
50 454 332 0.867034157151995 -4.68647006603263 -0.0396532317965341 -2.59954294821882 FALSE ""
50 456 333 NA NA NA NA FALSE ""
50 84 334 1.17683953314045 -5.23030070279133 0.63288241601163 -3.07397010368771 FALSE ""
50 472 335 1.13456216572313 -2.67960215730235 2.14907691914876 -3.33966319779208 FALSE ""
50 147 336 1.35776277121987 -3.08081892893323 1.05146291288499 -1.54315191770148 FALSE ""
50 256 337 0.941433015351256 -2.36192015441401 1.14523066081306 -1.93405355976696 FALSE ""
50 11 338 1.03274194743046 -2.37260866575441 1.91723197725357 -2.62986752098198 FALSE ""
50 62 339 8.74407200126259 -2.46703928691799 9.57329841788385 -0.762528706342446 FALSE ""
50 188 340 0.878566255607022 -2.5314747422471 1.5390922270241 -3.48893826181901 FALSE ""
50 193 341 1.08688700599842 -4.09888885821758 1.56203674851746 -3.59893818252991 FALSE ""
50 459 342 0.999728817592115 -4.3546283899471 2.02215591497667 -5.35820908851187 FALSE ""
50 355 343 1.19111293079278 -2.63263385829634 0.726712802741446 -1.13055478378659 FALSE ""
50 474 344 1.41160484649426 -4.00078978316546 1.10294118160603 -3.28202235050222 FALSE ""
50 293 345 0.888510296765412 -2.7820069841159 1.50949881385986 -3.80408094179665 FALSE ""
50 86 346 1.77940832037099 -3.10629130387666 1.6106924313147 -1.42331950827131 FALSE ""
50 112 347 0.923361653855718 -3.52937959393867 2.27933442294318 -4.89199218572326 FALSE ""
50 208 348 1.29800556652591 -5.10971068856919 -0.5206351793108 -1.39054592806329 FALSE ""
50 177 349 NA NA NA NA FALSE ""
50 111 350 1.00347407251391 -2.62957918372532 2.39877305252789 -3.87612068141952 FALSE ""
50 110 351 0.799199016092761 -5.25822300565185 0.0499392694352751 -3.64151760501514 FALSE ""
50 230 352 1.60503306662356 -1.67140356856049 2.22051199015784 -1.7127977562436 FALSE ""
50 231 353 0.688566826295422 -2.68017621905507 0.206309938578669 -1.14367451586928 FALSE ""
50 183 354 1.13684392624672 -3.51273990372994 1.31913646647807 -3.93436760686459 FALSE ""
50 312 355 0.854709789872511 -2.88268471732653 1.09250173449506 -3.63076003435856 FALSE ""
50 100 356 0.894077551195905 -1.96036225542468 1.62712388275718 -1.9581576392684 FALSE ""
50 173 357 11.7473680228652 -1.62680508247651 12.4321505973908 -0.612072454097958 FALSE ""
50 311 358 1.52896979341554 -3.10812092673021 1.49463283902469 -2.10638736532407 FALSE ""
50 189 359 NA NA NA NA FALSE ""
50 482 360 0.800244101606042 -3.02263936763683 0.616519882721497 -1.98346813945842 FALSE ""
50 12 361 0.826965322207007 -2.04108012892653 1.35163401139559 -2.64702154879179 FALSE ""
50 155 362 10.959420499298 -1.46963898324406 11.5021259395803 -0.266560328417067 FALSE ""
50 118 363 1.30549297887499 -4.80511149321393 0.672118063315965 -3.53878396546544 FALSE ""
50 451 364 0.711784251694138 -2.86462655988884 1.2683068088362 -2.1611835733995 FALSE ""
50 339 365 4.27914205547404 -1.61746580442836 4.94128003128061 -0.597629456476363 FALSE ""
50 334 366 1.34351475973399 -4.42575967849416 0.832098590928589 -2.57324263970799 FALSE ""
50 295 367 5.23434625736961 -1.69098074853725 5.41134543344275 -0.154076361665361 FALSE ""
50 125 368 1.02090536956945 -3.28351682583664 0.712072345782715 -1.58182820744777 FALSE ""
50 186 369 NA NA NA NA FALSE ""
50 217 370 NA NA NA NA FALSE ""
50 4 371 1.21592243278369 -3.50585694800973 1.13496732171543 -1.84996376088824 FALSE ""
50 240 372 0.882984347992691 -5.06885944279789 -0.416107698624757 -1.24568076463386 FALSE ""
50 87 373 0.883402956956952 -2.9116067766274 -0.265341598258891 -0.917310383378297 FALSE ""
50 333 374 1.61487777930716 -4.17721191752899 1.69277238037144 -2.86715217217951 FALSE ""
50 336 375 4.0477956655654 -1.17748869480515 4.87141572503432 -0.98552115006139 FALSE ""
50 329 376 0.841444939196635 -6.00756389699702 0.446983589368415 -4.61066406086326 FALSE ""
50 277 377 1.03776716046795 -2.73783599985848 1.6495529862861 -2.69450788739521 FALSE ""
50 267 378 NA NA NA NA FALSE ""
50 55 379 6.62098841136981 -1.70251701811655 7.26140284374831 -0.797436739998692 FALSE ""
50 457 380 4.84249547784635 -1.74046576035459 5.43824123661478 -0.766469398542005 FALSE ""
50 191 381 1.4291991484635 -2.90699637025534 1.75731209007772 -2.61729731285046 FALSE ""
50 278 382 1.09225187636813 -3.60039039218239 1.34569366185187 -3.59466778290784 FALSE ""
50 363 383 0.860333418713456 -2.65689646789398 1.03652060221968 -1.96106264027166 FALSE ""
50 234 384 12.4588165920798 -2.43312105411578 13.1234678775157 -1.12992900534909 FALSE ""
50 319 385 1.0956660967166 -2.30671887330868 1.64967370602078 -2.11783724886501 FALSE ""
50 161 386 1.07508235661723 -3.40839074941519 1.43583870444504 -2.96344781452453 FALSE ""
50 264 387 1.10898463211589 -2.69598162303659 1.42623285379545 -2.54638461220852 FALSE ""
50 458 388 1.09486483024761 -3.45979672252069 1.03361575745445 -2.03980559993739 FALSE ""
50 400 389 1.69640835516683 -3.97211130445399 1.86242586379081 -2.91669913950706 FALSE ""
50 144 390 1.43969490140832 -3.25189880942213 1.52931927863599 -3.0750100893115 FALSE ""
50 485 391 0.464449030833066 -3.85601563066153 -0.884544617076538 -1.20643497794793 FALSE ""
50 422 392 0.982960993413801 -2.46378133597545 1.50280211279077 -2.16509224230993 FALSE ""
50 28 393 1.08899680272166 -1.82432260305327 1.55388255255524 -1.67598535332055 FALSE ""
50 32 394 1.05996322542615 -3.03019906149107 0.938268352358511 -2.74083474771889 FALSE ""
50 8 395 12.548702854364 -1.92691332493751 12.9684904549236 -0.369697502477327 FALSE ""
50 38 396 -0.0198695509355526 -3.46420980560796 0.270648203525281 -2.9498305714549 FALSE ""
50 331 397 0.756387732332075 -3.20016786450188 0.511181807968611 -1.62331362735856 FALSE ""
50 190 398 1.19792287295452 -3.09070443227257 1.50870110096818 -2.75234592988237 FALSE ""
50 362 399 11.5766588065151 -0.63727351375573 13.4836334570835 -1.34557306969554 FALSE ""
50 419 400 1.13487302011545 -3.1908561935893 0.744820919583254 -1.81646427170272 FALSE ""
50 185 401 1.32709919827178 -5.27765015017104 0.894248344363071 -3.85094509414999 FALSE ""
50 275 402 12.3869636114126 -1.85409720262088 13.040670563578 -0.837207075366912 FALSE ""
50 282 403 1.3700198094455 -2.58740000210403 1.42906625864914 -1.80519211142206 FALSE ""
50 350 404 0.64874880799401 -3.64780875042714 -0.344935253698423 -2.1259700558795 FALSE ""
50 379 405 1.08194375992199 -3.3117311137033 1.12433830179036 -3.11208348690958 FALSE ""
50 273 406 1.25785344316683 -4.50236870528127 1.76763233509172 -4.2479600289441 FALSE ""
50 442 407 1.54925458886031 -2.92708121608752 0.819065894089427 -0.638873110397619 FALSE ""
50 222 408 12.3634905401533 -1.75158806195811 12.7939342346089 -0.290342228064932 FALSE ""
50 391 409 NA NA NA NA FALSE ""
50 374 410 NA NA NA NA FALSE ""
50 172 411 11.6540286006665 -1.45518471611622 12.0353914102941 -0.349682243627066 FALSE ""
50 322 412 NA NA NA NA FALSE ""
50 19 413 0.603930504164868 -3.19724200390725 0.888122735636813 -2.89430141794873 FALSE ""
50 478 414 0.799284153717894 -5.16350167409604 -0.401900341239455 -2.08170676142043 FALSE ""
50 21 415 NA NA NA NA FALSE ""
50 92 416 0.97383233787401 -2.76427563385059 0.404105788229741 -1.33341488010843 FALSE ""
50 247 417 NA NA NA NA FALSE ""
50 180 418 1.43309754295898 -2.82156229678931 1.56986321829342 -2.29385764605328 FALSE ""
50 167 419 NA NA NA NA FALSE ""
50 24 420 1.04974222255695 -4.5351890717474 -0.160006700892774 -2.52182176452211 FALSE ""
50 136 421 1.22505654154806 -3.00141379808344 1.61708094230235 -2.98753215446446 FALSE ""
50 123 422 1.39173373928098 -3.92190851034571 2.05360067270634 -3.52865423464471 FALSE ""
50 360 423 1.41484336043076 -2.67528031971783 1.60992565948928 -2.5384665437735 FALSE ""
50 47 424 1.07707906023444 -3.69212258662054 1.36816759182063 -4.59581377516182 FALSE ""
50 302 425 1.15290076638093 -4.65590988703457 0.846450406099208 -2.73295217577508 FALSE ""
50 93 426 10.5698275698123 -1.31943499750893 10.9368836592056 -0.281455292959418 FALSE ""
50 434 427 1.08813408930101 -2.54079927053263 1.32273872282961 -2.24185734248045 FALSE ""
50 388 428 0.720236420691005 -2.74591058304174 0.529456784351154 -2.22013527641783 FALSE ""
50 176 429 11.6565243341462 -1.13793601580288 12.003634770923 -0.208662477912895 FALSE ""
50 343 430 1.47667076171347 -2.1869707930599 1.97181488198332 -1.96341717923717 FALSE ""
50 9 431 1.00928493872836 -4.29745510647424 0.999236883821833 -2.56023152162958 FALSE ""
50 237 432 0.719962673463895 -2.22892133321756 0.443603155183174 -1.68262247276408 FALSE ""
50 187 433 NA NA NA NA FALSE ""
50 133 434 1.20134351120635 -2.91711048491122 0.67853339321691 -1.10871579570859 FALSE ""
50 335 435 NA NA NA NA FALSE ""
50 433 436 1.29646153762764 -4.75297267611867 0.697523802118723 -3.6160259822723 FALSE ""
50 491 437 NA NA NA NA FALSE ""
50 164 438 0.531187949812276 -1.30363315906792 1.08771454523563 -2.24574139721354 FALSE ""
50 266 439 1.27749819304338 -5.13150927950017 1.84223498851459 -4.02561703951265 FALSE ""
50 77 440 1.3840343043188 -1.95498270128808 1.86152620749389 -1.13238080224976 FALSE ""
50 307 441 13.5625435734069 -6.52768508788478e-05 14.3164293412952 0.000755499620209644 FALSE ""
50 373 442 11.9715460062658 -1.76453233868269 12.2568118414991 -0.236257147385566 FALSE ""
50 287 443 1.07605077013702 -3.58050000371008 0.726914579264377 -2.12907464272242 FALSE ""
50 154 444 1.62036817737162 -5.35529256837817 1.15590136935787 -2.75049429152247 FALSE ""
50 364 445 NA NA NA NA FALSE ""
50 447 446 0.776108811396256 -2.49620773360799 0.569430842655886 -1.77640410757451 FALSE ""
50 452 447 1.31471956092605 -3.94096043565407 0.997289655953707 -3.00611391022909 FALSE ""
50 40 448 1.31190682414991 -2.87601841208584 1.06930425649467 -2.00763618879302 FALSE ""
50 424 449 0.9160092467672 -3.59008128969707 1.95808283191201 -4.99722894637944 FALSE ""
50 461 450 0.77883649708592 -2.9789910176324 0.887506566704736 -2.85082066732518 FALSE ""
50 241 451 NA NA NA NA FALSE ""
50 444 452 NA NA NA NA FALSE ""
50 225 453 1.36652727321444 -2.57503290749638 1.47003678887592 -1.66532404773107 FALSE ""
50 211 454 0.458872405913216 -3.31207329996261 -0.20509287411035 -1.56066693105224 FALSE ""
50 97 455 1.18496567991586 -4.93563016440892 1.76459340457257 -4.89072094021699 FALSE ""
50 251 456 12.3364712380505 -1.62001879522732 12.713292327506 -0.242012777369481 FALSE ""
50 283 457 0.845993066937725 -2.78090401644879 0.976662971795568 -2.24070055231118 FALSE ""
50 254 458 0.818843773461524 -3.1301142168488 1.26907120249158 -3.66141178158805 FALSE ""
50 352 459 1.1941823130311 -5.03358481474798 0.927006044368072 -3.64176022290969 FALSE ""
50 52 460 1.11105816427523 -1.90134646187789 1.58043455070571 -1.80090746359778 FALSE ""
50 122 461 NA NA NA NA FALSE ""
50 128 462 0.860404936264459 -2.45955902467728 0.46310295691238 -0.816690159225276 FALSE ""
50 263 463 1.32868910569769 -3.37195572205216 1.0167223160582 -1.59874979806765 FALSE ""
50 500 464 NA NA NA NA FALSE ""
50 356 465 1.31155627828642 -2.95669572552006 1.03406341523884 -2.01782994266416 FALSE ""
50 126 466 NA NA NA NA FALSE ""
50 30 467 1.12403662904077 -4.18697239776763 0.36895098386919 -1.61738652037093 FALSE ""
50 143 468 1.16214469087855 -2.23839536806158 0.945806430620365 -1.44019888048233 FALSE ""
50 74 469 1.20433201807706 -2.73788868634741 1.23826847029404 -2.19893317766085 FALSE ""
50 129 470 1.06111946153582 -2.38615621418401 0.689932355033507 -1.09042638190257 FALSE ""
50 14 471 1.22171554247415 -2.94904687286659 1.6451311561816 -2.771084937888 FALSE ""
50 257 472 NA NA NA NA FALSE ""
50 203 473 1.10121056334459 -3.00440659182005 1.60658352662052 -3.49404793120459 FALSE ""
50 490 474 1.12828510296576 -2.52278921085625 1.07230392992497 -0.567125258089263 FALSE ""
50 415 475 0.683203188880959 -2.34038737965897 2.09663987750802 -4.07370950361896 FALSE ""
50 17 476 1.26968116116368 -3.59964566102634 1.92033039720047 -3.10943390994442 FALSE ""
50 455 477 1.32746536171383 -3.1811529191982 1.80542276615569 -4.22108660755383 FALSE ""
50 402 478 1.11567212334753 -3.75503956012581 0.669094088735831 -2.41339747225921 FALSE ""
50 291 479 1.10458715680247 -2.84078962472042 0.785379372917187 -1.78284518152036 FALSE ""
50 214 480 1.19739627984213 -3.60463825949017 0.891681347442124 -1.47358150745931 FALSE ""
50 145 481 1.25206418971666 -2.73730383111826 1.96977065587875 -3.36065749273507 FALSE ""
50 296 482 0.697460723253689 -2.89649279335366 1.31136667733199 -4.49943358461703 FALSE ""
50 397 483 0.94571314089987 -3.43061551121105 1.50166133430761 -2.76302815401012 FALSE ""
50 417 484 NA NA NA NA FALSE ""
50 407 485 1.33937465519552 -2.48289333600499 0.622729225404786 0.143666142655669 FALSE ""
50 299 486 NA NA NA NA FALSE ""
50 229 487 0.909311406368378 -3.70351099297203 -0.0830785626274699 -0.702506119878815 FALSE ""
50 292 488 1.18948942633973 -2.46128954049684 2.14719993027234 -2.73906868138536 FALSE ""
50 157 489 1.4198545654739 -2.71375183004424 1.62190722844411 -1.78548800060378 FALSE ""
50 450 490 NA NA NA NA FALSE ""
50 396 491 1.0759595712616 -2.6488327569971 1.33018998992617 -1.85545056508475 FALSE ""
50 255 492 0.990281554375012 -2.10495740194839 1.74955258393992 -1.58604242642159 FALSE ""
50 260 493 NA NA NA NA FALSE ""
50 297 494 1.3783051499486 -6.44364621207838 1.22802089467846 -4.71290993062858 FALSE ""
50 272 495 NA NA NA NA FALSE ""
50 61 496 0.144428376847845 -3.46647259128836 -0.908654365767009 -0.798137553082446 FALSE ""
50 31 497 NA NA NA NA FALSE ""
50 238 498 1.27215738272103 -3.61582048355317 0.669496234337442 -1.98501312661897 FALSE ""
50 132 499 0.567155025268267 -3.19253747343995 0.0705558028915297 -1.80129690134607 FALSE ""
50 261 500 NA NA NA NA FALSE ""
