"n" "rep" "id" "b0_mu_hat" "b1_mu_hat" "g0_si_hat" "g1_si_hat" "error" "errorMessage"
50 14 1 1.25737746464588 -2.54833531973251 1.55586136140702 -2.11368689551559 FALSE ""
300 11 2 1.31757732316699 -2.69403653904927 1.38448496157917 -1.70137261349228 FALSE ""
200 35 3 1.03705035929108 -2.89224871235385 1.07414889820491 -1.89136404888812 FALSE ""
600 6 4 1.1009518687843 -3.26347404289159 1.17162481369732 -2.54340588370437 FALSE ""
500 6 5 1.34516289002239 -2.67193269574163 1.36321088946166 -1.52963866344158 FALSE ""
800 32 6 1.23699232162968 -3.18936646993151 1.32600409206901 -2.22506551962721 FALSE ""
100 15 7 1.21085196873428 -2.85467324492162 1.3333116726923 -2.04740753260803 FALSE ""
1000 16 8 1.19927751372589 -2.83772853211197 1.33532463638478 -1.87385597266529 FALSE ""
700 26 9 1.17242533716589 -3.10372029380821 1.46958897922207 -2.55377926755487 FALSE ""
900 33 10 1.14362036695418 -2.80090099303513 1.13054667524578 -1.67446351350507 FALSE ""
800 33 11 1.22090432165202 -2.93384432726759 1.1576384208536 -1.62595357751312 FALSE ""
900 3 12 1.18739564033726 -3.21466644637996 1.37208542157397 -2.33939571953406 FALSE ""
700 14 13 1.22581703721663 -3.01375014664579 1.47619316023827 -2.25555357053422 FALSE ""
700 5 14 1.21655595228009 -3.03122062236557 1.33879903153616 -2.03090181479286 FALSE ""
700 30 15 1.13370544776375 -3.02544773421147 1.19807207665293 -2.07276154626308 FALSE ""
50 39 16 1.03959510544382 -2.83553447475601 0.197357398911744 -0.481954163912334 FALSE ""
400 26 17 1.33422376739398 -2.9786328258527 1.29099164295945 -1.68092654666645 FALSE ""
200 22 18 NA NA NA NA FALSE ""
700 22 19 0.97225733070036 -2.73419811143082 0.893507591504329 -2.00126558762001 FALSE ""
50 25 20 0.577942856208261 -2.74214139895739 0.182501836399 -1.21489540064347 FALSE ""
300 8 21 1.21910630431624 -3.69168311043785 0.878584224258342 -2.07232921019464 FALSE ""
600 14 22 1.13700898208588 -2.58107986154653 1.29282072188416 -2.1006779387519 FALSE ""
800 29 23 NA NA NA NA FALSE ""
100 13 24 1.48604257433398 -2.3628960541117 1.3617133951631 -0.954876372199105 FALSE ""
100 21 25 0.726974410789242 -2.52974279739111 0.976873672900536 -1.85262564133602 FALSE ""
100 39 26 1.24020961448576 -3.07335400681519 1.04402822656478 -1.22222725635716 FALSE ""
100 17 27 1.0834930348008 -3.38414667226133 1.26209018480815 -3.06031437862778 FALSE ""
1000 49 28 1.23542020345821 -2.77668235737676 1.57234180278799 -2.34366689880159 FALSE ""
500 35 29 1.1603282672864 -2.65257743988913 1.18290518895685 -1.61107230476029 FALSE ""
50 29 30 NA NA NA NA FALSE ""
800 22 31 1.22134353723846 -2.98897716598791 1.24497013113077 -1.86547718933407 FALSE ""
500 22 32 1.2309565033224 -3.01406659747255 1.08033360115057 -1.56920541571577 FALSE ""
300 17 33 1.08935234287293 -2.77295158066807 1.14705974095496 -1.85663521479702 FALSE ""
1000 24 34 1.22545331641475 -2.99957450988245 1.33609680275245 -2.13363245392463 FALSE ""
600 16 35 NA NA NA NA FALSE ""
300 29 36 1.23687084047864 -2.37766592209178 1.63312344403155 -2.05682005674626 FALSE ""
500 47 37 1.21414994608732 -3.25612680499243 1.3130810509151 -2.13995936855764 FALSE ""
900 39 38 1.09775792416817 -3.02354849309615 1.11695082327209 -2.22693522022443 FALSE ""
1000 20 39 9.12214586087882 -1.52807803558637 9.62115324794126 -0.425681118347891 FALSE ""
600 17 40 4.17553818787062 -1.4720525117567 4.73816721774565 -0.573901090812664 FALSE ""
500 26 41 1.15861465219939 -2.52256107641346 1.29440081059756 -1.71557312940976 FALSE ""
100 48 42 1.08703229066642 -3.86911783250629 1.01385909384297 -3.0398397102606 FALSE ""
50 20 43 NA NA NA NA FALSE ""
1000 42 44 1.2270323223641 -2.63076137426436 1.34833733125663 -1.65929991858274 FALSE ""
600 3 45 6.55745318656052 -1.55362181867549 7.05341071993717 -0.452976330392493 FALSE ""
500 15 46 1.37378097779703 -3.33570885716412 1.28810849452844 -2.0891624406391 FALSE ""
500 10 47 1.20804133151436 -3.0775296761602 1.26001882881141 -1.98858402227896 FALSE ""
1000 28 48 12.7271913882892 -1.59997273369274 13.2382666293288 -0.457349948076005 FALSE ""
300 31 49 1.03765416369984 -2.90082866393538 1.01526131215267 -1.9138603650367 FALSE ""
200 27 50 1.60194091581284 -2.08804646985852 1.88399313107933 -1.32756065269467 FALSE ""
500 20 51 1.10467767244374 -3.45052688405934 0.678544815086979 -2.06956613120784 FALSE ""
600 46 52 3.57108752717677 -1.60189670075699 4.08737698835778 -0.625836839647492 FALSE ""
300 50 53 1.23811169267031 -3.426395095748 0.794425557798471 -1.53746096612493 FALSE ""
600 45 54 NA NA NA NA FALSE ""
800 41 55 1.17317299942718 -3.03495758362214 1.2671114442995 -2.12416956366314 FALSE ""
900 45 56 1.26407193880037 -3.18291214981428 1.21498279519015 -2.0041239634679 FALSE ""
700 45 57 1.25791165480532 -2.98165519872022 1.46805426425903 -2.11502051306944 FALSE ""
1000 21 58 1.23145202293865 -2.76180134304785 1.18797202298354 -1.68780124932588 FALSE ""
1000 13 59 1.3950486026767 -2.68885893527894 1.52088562688118 -1.65927435384129 FALSE ""
900 27 60 1.22944380286631 -2.8416501374769 1.25502669219717 -1.88114768020075 FALSE ""
400 38 61 1.2405453749034 -2.96166983036164 1.02657102070982 -1.39246804264001 FALSE ""
100 6 62 1.04647603349239 -3.31944455698795 1.51335869606084 -3.49377398255261 FALSE ""
50 33 63 1.18466278662428 -3.8189541417037 0.429751847377365 -1.60949931690195 FALSE ""
300 9 64 NA NA NA NA FALSE ""
200 31 65 1.41637227688345 -3.03186379392771 1.20621016142945 -1.60308407661105 FALSE ""
800 10 66 1.12895693773248 -3.18896715438767 1.17525644092756 -2.11331914267764 FALSE ""
200 40 67 1.11316813621107 -3.05299312521407 1.28783851649644 -2.3492751303437 FALSE ""
900 7 68 1.1189881570102 -3.09517825677031 1.09885713384442 -2.05152692024592 FALSE ""
500 24 69 3.72746861780122 -1.66324366222401 4.24438205041729 -0.73548532869094 FALSE ""
200 8 70 NA NA NA NA FALSE ""
300 43 71 NA NA NA NA FALSE ""
800 49 72 1.01856321247148 -2.8484651539309 1.13716536485155 -2.13003011829661 FALSE ""
400 39 73 1.31716221831461 -3.03953393127879 1.16387832241085 -1.5357304397483 FALSE ""
900 20 74 1.26868691097897 -3.31045845460248 1.39270809433718 -2.24113634140562 FALSE ""
700 47 75 4.6209819823091 -1.58721932555043 5.09602569094954 -0.516210224513754 FALSE ""
900 48 76 1.19419493717952 -3.02699134865563 1.04232689057139 -1.8559862421537 FALSE ""
1000 37 77 1.13422399968559 -2.69837827975615 1.18432285605303 -1.45830989234414 FALSE ""
500 18 78 1.07605710580263 -3.20101353176091 1.20170631920171 -2.27688483378792 FALSE ""
500 23 79 1.09190443809398 -2.96428236571754 1.33098175975841 -2.52687170226149 FALSE ""
400 40 80 1.29356084193259 -2.74418866501372 1.47940300545929 -1.90662011350697 FALSE ""
800 48 81 3.7735196702914 -1.61519453874834 4.3102500370264 -0.62158101301937 FALSE ""
300 40 82 1.13530105585509 -2.98071302038638 1.39285627524225 -2.37867074300589 FALSE ""
1000 27 83 1.08018932195684 -3.15149147383651 1.20633305564562 -2.53329063541938 FALSE ""
1000 29 84 1.19222644547846 -3.29108171639337 1.11032406968441 -2.05344723372589 FALSE ""
200 13 85 1.10345576644657 -2.76339559820749 1.04588853157441 -1.7272312366359 FALSE ""
400 35 86 1.18770991206945 -2.97685934465955 1.24226659039642 -2.01310712660451 FALSE ""
200 49 87 NA NA NA NA FALSE ""
700 38 88 1.2382801968819 -3.1842948476458 1.17251234271571 -2.04854535649626 FALSE ""
50 37 89 1.25774760224253 -3.41772398608615 1.34817756855531 -2.8063012898413 FALSE ""
800 35 90 1.20594846633562 -2.62220057907088 1.45241022860014 -1.9414546987381 FALSE ""
900 29 91 1.10073537016486 -2.94648959217763 1.16332540812603 -2.0122164832802 FALSE ""
1000 9 92 1.26976789843746 -2.93183547480717 1.26484004652812 -1.67926444745006 FALSE ""
300 28 93 1.20319323847235 -2.56481442845689 1.41099571646518 -1.64255146658334 FALSE ""
600 50 94 1.15885754225718 -3.4009890730305 0.886157604749854 -2.03451580987646 FALSE ""
600 15 95 1.2609725705957 -3.20830019551779 1.09778954533739 -1.8533624749106 FALSE ""
400 23 96 1.2502649427893 -3.30262999524819 1.14802747472766 -2.25290240263313 FALSE ""
1000 41 97 1.16133918065223 -3.28088626523986 1.0047177094096 -1.89230759886185 FALSE ""
1000 23 98 1.08590882932201 -3.01181769911571 1.04505769758443 -2.21199604514338 FALSE ""
100 23 99 0.92670115887782 -3.80551490092251 1.73043912348264 -4.39632470950865 FALSE ""
800 13 100 1.20859373819691 -3.12828909425447 1.22163774908867 -2.09066938456302 FALSE ""
600 37 101 1.29686026507178 -2.6234329947289 1.468882726341 -1.71099169177176 FALSE ""
400 16 102 1.19536724710165 -3.27490477891179 1.02445460787216 -1.91243915518549 FALSE ""
50 7 103 1.21664094443733 -4.23528410597767 0.341867403484734 -1.73034178871046 FALSE ""
200 43 104 9.68776869345354 -1.54975879816704 10.1782959115663 -0.424744766927614 FALSE ""
600 36 105 1.33598447716653 -3.00925933144929 1.2261277923936 -1.53190341029083 FALSE ""
300 18 106 1.3079682458381 -3.4710893667838 1.33849678965189 -2.4983099764427 FALSE ""
800 47 107 1.28176875771487 -2.97388118094461 1.4022532937378 -2.03309873167755 FALSE ""
800 27 108 1.22141910227408 -3.10748339178611 1.23558289257205 -1.95437197404201 FALSE ""
600 32 109 1.14362937043194 -3.01671645167191 1.19012178720429 -2.06604514384506 FALSE ""
100 14 110 0.811959877090368 -2.61120749481617 0.499516950509986 -1.4071763616668 FALSE ""
500 40 111 1.08227263373548 -3.25269250138692 0.873138914444368 -1.85974702772528 FALSE ""
100 31 112 0.601269577318365 -3.55020589556282 -0.00614818591547588 -2.24636336197394 FALSE ""
800 3 113 1.16726916886331 -3.4021152680917 1.106457522349 -2.21368905416751 FALSE ""
900 8 114 1.19240978977375 -2.93439571828841 1.28733691143682 -2.01995388406816 FALSE ""
200 25 115 11.6907181793703 -0.980516315393949 27.9617860669019 -0.860496355731775 FALSE ""
900 11 116 1.18418978939668 -2.78240033922914 1.13320046187232 -1.81643584421264 FALSE ""
700 8 117 NA NA NA NA FALSE ""
500 50 118 1.31964321240443 -3.02029822304864 1.06984844419149 -1.38234962556605 FALSE ""
300 22 119 1.26247789517549 -3.17234617145525 1.44886384648192 -2.0570348476147 FALSE ""
900 2 120 1.22442030342456 -3.1824407224043 1.18803481974613 -2.14983434329991 FALSE ""
300 30 121 1.18592179975979 -3.1562463910106 1.19160289333277 -1.99213869288725 FALSE ""
700 1 122 1.16166968406471 -2.87259030808021 1.04319333934924 -1.58408176337224 FALSE ""
600 30 123 1.25807049988998 -2.99920676895765 1.48785172232993 -2.25498110553029 FALSE ""
1000 15 124 1.34433609311954 -3.07143048020956 1.37636220270678 -1.97530867244237 FALSE ""
400 11 125 0.937770378391323 -2.56303280279442 1.16771233028585 -2.18483715359561 FALSE ""
500 27 126 1.04913664399866 -3.05844410077057 0.981158239628097 -1.83085313861193 FALSE ""
400 34 127 1.13942379686502 -3.2673834081652 1.0467670338577 -2.25004752538415 FALSE ""
400 47 128 NA NA NA NA FALSE ""
100 24 129 13.0106400337392 -1.92556396632218 13.2758561348685 -0.211378012930069 FALSE ""
500 36 130 12.5746135224191 -1.47111001237537 13.1221498349902 -0.503665089434783 FALSE ""
300 15 131 1.18219743280516 -2.94990739836055 1.38871110346155 -2.31321099331554 FALSE ""
1000 7 132 1.15689210335417 -3.19792235954805 1.14473984626061 -2.25762568369747 FALSE ""
100 9 133 0.972568010190322 -2.83125229540385 1.12528001395949 -2.40678623382245 FALSE ""
100 7 134 1.37165992912879 -2.95356508769113 1.43129204091961 -2.07483153898026 FALSE ""
700 11 135 1.09143375060289 -3.07148788233041 1.19402767318837 -2.2780261135433 FALSE ""
300 39 136 1.16836128632779 -2.93667241429193 1.53376450018132 -2.44077574356289 FALSE ""
300 20 137 12.0831015480205 -1.69845872571914 12.6421655572935 -0.519776042893427 FALSE ""
400 37 138 1.35250486349333 -3.0411654643873 1.60733816024654 -2.18188277772486 FALSE ""
600 4 139 1.14382826396323 -3.14355406419848 1.16075948632966 -2.27687876316804 FALSE ""
200 20 140 1.0179213955773 -3.17534166728199 0.826689233846087 -1.5931874719991 FALSE ""
100 38 141 10.9839922958322 -1.48998628705809 11.3717327101276 -0.334900134231673 FALSE ""
800 7 142 1.1004209990284 -3.39885491650425 1.16119203030569 -2.3920342857988 FALSE ""
1000 26 143 1.20684594540163 -3.19172596816085 1.08023817315132 -1.86867469330744 FALSE ""
100 36 144 0.745276122871526 -2.31377648692421 0.736264665695545 -1.80524217706462 FALSE ""
300 27 145 1.4261145563254 -2.74177751841026 1.49319451027505 -1.83088130999172 FALSE ""
100 44 146 8.92178667264811 -1.3441367865592 9.42186683165422 -0.502869217133927 FALSE ""
800 31 147 1.12140687960254 -2.94884375856567 1.17828851611277 -2.12562958670555 FALSE ""
50 34 148 0.858899230142175 -3.35457300052225 1.90443379213934 -4.4661140084851 FALSE ""
700 9 149 1.33663128268285 -2.85114700766672 1.33313146853263 -1.85530965930311 FALSE ""
200 21 150 0.821987622080608 -3.28405393451786 0.689507982489625 -2.07927269291618 FALSE ""
500 29 151 1.19773339233254 -3.08373070742313 1.25506240939 -2.27976453843866 FALSE ""
50 40 152 NA NA NA NA FALSE ""
600 24 153 1.19557139638255 -2.93279273020228 1.26692142299637 -1.95026434164499 FALSE ""
700 4 154 1.25954812296634 -3.11036983559992 1.07213771971501 -1.70955909887377 FALSE ""
50 45 155 10.775788475373 -1.48468710127347 11.8574926499479 -1.07607227444503 FALSE ""
700 37 156 1.25427518701054 -3.01479347629602 1.42814578915242 -2.30343349728841 FALSE ""
800 9 157 1.31130924847608 -3.46528024861933 1.38808498648978 -2.31615216084356 FALSE ""
300 33 158 1.24177313880398 -2.67455995105979 1.2286239572443 -1.74049167751871 FALSE ""
500 45 159 1.27303757743169 -3.02805758130611 1.28133581131552 -2.08322896630854 FALSE ""
800 12 160 1.16369452990905 -3.49186051386407 1.21729919907226 -2.4466862157209 FALSE ""
400 3 161 1.25609187042129 -2.7133175737403 1.38293804719224 -1.89172301102372 FALSE ""
600 34 162 1.17977203807857 -3.15394407324746 1.41172189442928 -2.386050940608 FALSE ""
800 37 163 1.25187349890108 -3.2592662480018 1.25527465128512 -2.15024716785496 FALSE ""
100 20 164 1.24819146474074 -3.18309182794699 1.28744686868827 -2.49070658380984 FALSE ""
600 26 165 1.25800804751736 -3.64667336040606 1.20246566972258 -2.40261285242531 FALSE ""
200 1 166 1.00890870200061 -3.03160009468709 0.850793766031324 -2.13715643587471 FALSE ""
900 22 167 1.3739521286211 -3.17895063077536 1.43810006503587 -2.01705564645095 FALSE ""
400 12 168 1.13906563459774 -3.44024043410082 1.01963187312623 -2.26376752654969 FALSE ""
600 21 169 1.23743161718448 -2.74740120179005 1.34372275364386 -1.87804452495925 FALSE ""
1000 45 170 1.28005062851055 -2.92450457090094 1.3333882115778 -2.0445819449402 FALSE ""
100 22 171 1.21867085315042 -2.90039878287006 1.76289340981867 -2.94533650723941 FALSE ""
500 46 172 1.25990490740039 -2.68198222906847 1.51683943509074 -2.1328395050793 FALSE ""
900 24 173 6.0920414843722 -1.60041976518219 6.55683898561697 -0.445248682785968 FALSE ""
50 47 174 NA NA NA NA FALSE ""
200 42 175 1.1918471458608 -2.7127284111596 1.56953490154965 -2.05126967469664 FALSE ""
100 34 176 NA NA NA NA FALSE ""
50 31 177 1.18320299646452 -3.10653009280069 0.307027685704521 -0.0180779483336178 FALSE ""
50 8 178 1.05660965076692 -2.48420898915558 1.70647786587075 -2.34222895168157 FALSE ""
500 30 179 1.273140649942 -3.03794907597455 1.20202979627936 -1.71262355721617 FALSE ""
50 1 180 NA NA NA NA FALSE ""
400 1 181 1.24000479678104 -3.17658437394675 1.20290491680209 -2.28807168427952 FALSE ""
900 1 182 1.1631071488537 -3.13185958595109 1.23762416128352 -2.33251983326194 FALSE ""
700 43 183 4.2653138041065 -1.52566980383986 4.82988196565292 -0.666155430648621 FALSE ""
500 11 184 NA NA NA NA FALSE ""
500 2 185 1.28444778716716 -3.12599398256807 1.44168155310034 -2.03977558801253 FALSE ""
1000 31 186 1.28231224156124 -3.16291518767223 1.33151216972406 -2.10976267675333 FALSE ""
500 44 187 1.24377094325611 -3.00628286995373 1.2206609737638 -1.84547371606371 FALSE ""
600 49 188 1.05533348899852 -2.97268891156385 0.895883938291218 -1.77075633812249 FALSE ""
1000 11 189 1.23535632825384 -2.98257989121559 1.34213175233074 -2.02795656524238 FALSE ""
500 31 190 1.11364865003898 -3.0136093717681 0.789992261234764 -1.67175939221772 FALSE ""
200 12 191 1.17486444990762 -3.01072720489092 1.24296744934229 -1.93056497818004 FALSE ""
800 39 192 13.0248358327751 -1.48506252971344 13.5250615137924 -0.438352919312071 FALSE ""
50 11 193 1.37753077363532 -3.16071240407507 1.59173537162649 -2.42403905068767 FALSE ""
600 5 194 1.1925736166768 -3.5735336552815 0.884928600777965 -2.169275954654 FALSE ""
400 4 195 NA NA NA NA FALSE ""
500 42 196 1.30047861793654 -2.82612689998277 1.65734664466779 -2.20741885683954 FALSE ""
900 5 197 1.08505241879675 -3.2192244050591 0.912654517507491 -1.96288203674351 FALSE ""
1000 50 198 1.14454051693252 -2.89191768119096 1.32463549756038 -2.1737182450968 FALSE ""
1000 30 199 1.03262116793317 -3.56967532896507 0.860195918412015 -2.40274438648469 FALSE ""
1000 25 200 1.21958276907845 -2.79394504884199 1.24401298807798 -1.75960797674223 FALSE ""
900 25 201 1.08682157070353 -3.01878352384194 0.943497789863148 -1.91663171071925 FALSE ""
800 8 202 1.24119128799994 -2.99724115050179 1.23158241928918 -1.95929558941704 FALSE ""
50 18 203 1.07582378532399 -1.60914455630859 2.08942937527843 -1.84851314739208 FALSE ""
200 2 204 NA NA NA NA FALSE ""
1000 14 205 1.09622409525599 -2.74699389903291 1.36083897957578 -2.13325699832257 FALSE ""
700 6 206 1.14325789331357 -2.47842758584363 1.27466571184368 -1.72289623679483 FALSE ""
50 5 207 0.72454903997132 -2.76483196235875 0.69663109288343 -2.99385913233726 FALSE ""
700 34 208 1.26874799830728 -2.74236136552381 1.3507531761992 -1.62750503694859 FALSE ""
100 40 209 10.8120154061831 -1.88114615983006 11.2388449820153 -0.490417918045801 FALSE ""
500 33 210 1.13985624535115 -3.39276184237701 1.16102796835377 -2.4729478156666 FALSE ""
500 7 211 1.32039270847801 -2.85240688014421 1.44928216729608 -1.8354030268047 FALSE ""
600 42 212 1.10441581330569 -3.31620910996999 1.07534243663177 -2.13383607659947 FALSE ""
800 1 213 1.08803714205585 -3.20043579334323 1.16071342839398 -2.30194110745713 FALSE ""
50 36 214 1.23394959733778 -5.77282331863673 0.0590144527471006 -2.68010486246479 FALSE ""
1000 2 215 7.75486309301574 -1.4976710204313 8.28628713328416 -0.473381517242822 FALSE ""
400 44 216 24.0275090531208 -1.150444590488e-06 131.523136354667 -55.3895348097997 FALSE ""
100 10 217 1.11011701187904 -2.73399584225187 1.55753248204195 -2.70681000998386 FALSE ""
200 30 218 1.1272461346723 -2.83390639399247 1.28824961691003 -2.12348589206028 FALSE ""
700 24 219 1.31640550184982 -2.89679706363064 1.41636244347694 -1.94662306581845 FALSE ""
400 24 220 1.06405506267237 -2.50741874206754 1.32325627730273 -1.75691851966595 FALSE ""
700 2 221 7.95633178136939 -1.37416870340361 8.57567413797028 -0.54640927561448 FALSE ""
50 13 222 8.93927111309052 -1.75335999267141 9.57431197434568 -0.611171561149134 FALSE ""
50 35 223 1.07332718180084 -2.45836623184806 1.12795863778703 -1.10510206747013 FALSE ""
50 24 224 1.45305406583645 -1.70450174661747 1.6708213210195 -0.934747955207677 FALSE ""
600 33 225 1.2640746059855 -3.12400923715546 1.42439923174038 -2.31326547756566 FALSE ""
700 27 226 1.25111953408956 -3.18501756292127 1.28582570816882 -1.97291274494286 FALSE ""
700 41 227 1.22155272429508 -3.18903516391219 1.34033124303329 -2.2838681238935 FALSE ""
900 26 228 1.26067723031844 -2.7540820487928 1.36897935830434 -1.94330482532808 FALSE ""
700 12 229 1.21861889347353 -3.4757799540772 1.17551115720038 -2.40390060997899 FALSE ""
500 13 230 NA NA NA NA FALSE ""
200 46 231 NA NA NA NA FALSE ""
50 41 232 12.1935723075941 -2.37694622389779 12.6461109749786 -0.678389802024477 FALSE ""
700 31 233 1.06697020619904 -3.35100549595348 0.933658022127865 -2.05882500827293 FALSE ""
1000 35 234 8.68695684137254 -1.40727872766809 9.22058061434915 -0.468041310982079 FALSE ""
600 41 235 4.87486655401124 -1.46718231574837 5.37612750263033 -0.539005968051581 FALSE ""
300 23 236 1.04869733027166 -3.04331554564389 1.69769609173236 -3.16269283658428 FALSE ""
500 28 237 1.12858260919353 -3.08140629809475 1.29919862086125 -2.26567768609886 FALSE ""
800 40 238 1.08497692721015 -2.86653862279957 1.42800136231645 -2.35397608410013 FALSE ""
600 47 239 5.62291036143889 -1.46462898688735 6.09010117262359 -0.390509190044606 FALSE ""
400 6 240 NA NA NA NA FALSE ""
300 35 241 1.38992832459483 -2.50440540578126 1.45331367085263 -1.57014756897101 FALSE ""
1000 48 242 1.17893266520672 -2.79368896926055 1.17238949870507 -1.64212584053795 FALSE ""
400 31 243 1.15686051252523 -3.80872862230437 0.787492283670676 -1.7964036034189 FALSE ""
50 3 244 8.35826380161527 -1.45650224614619 8.84608143400921 -0.393609475363494 FALSE ""
400 2 245 7.06889171869938 -1.53034018015252 7.61470534703904 -0.502992442208361 FALSE ""
800 38 246 12.5390356745442 -1.54592430685258 13.0607216924538 -0.468938962347067 FALSE ""
800 30 247 1.25420346157849 -2.99031558098911 1.31356734322853 -2.10223795351887 FALSE ""
600 40 248 1.21524170801481 -2.82539569932774 1.03726348092916 -1.58578595527805 FALSE ""
600 43 249 1.12850913067288 -2.90043134704088 1.30356571060044 -2.13051766983757 FALSE ""
100 30 250 0.990213862165659 -4.57147282860157 0.922060254019728 -3.38364625208761 FALSE ""
100 11 251 0.925732199183272 -3.39657898640806 0.668274852766116 -2.08935225855259 FALSE ""
700 21 252 1.11328535922886 -2.98306043188099 1.30584439560594 -2.29850797823458 FALSE ""
300 32 253 1.16623639616413 -3.40905613853288 1.31553780202385 -2.61203785882803 FALSE ""
300 19 254 1.30214997146208 -3.29082437811809 1.05381959260973 -1.51995937793362 FALSE ""
500 17 255 1.1908411820036 -2.71027068643152 1.50653072843062 -2.3692700759058 FALSE ""
100 50 256 0.953474877410897 -3.30074243602753 1.41161715539804 -2.94368037161753 FALSE ""
500 43 257 NA NA NA NA FALSE ""
1000 1 258 1.14334766568215 -2.95178937533934 1.15915296185693 -1.85386768711352 FALSE ""
900 30 259 1.23046639502874 -2.97421873660554 1.3730610140685 -2.00517700208571 FALSE ""
900 9 260 NA NA NA NA FALSE ""
1000 17 261 1.07083331808758 -2.77601558216309 1.06392876165977 -1.75106264552263 FALSE ""
900 13 262 NA NA NA NA FALSE ""
600 18 263 1.24735484256658 -2.80229909496043 1.58537670007833 -2.16026822478179 FALSE ""
800 14 264 1.12803292444957 -2.82800004692062 1.21211406044945 -1.84786633379335 FALSE ""
200 5 265 1.09140094669044 -2.17793393544638 1.46075793589101 -1.87194483552478 FALSE ""
600 2 266 1.20948352621775 -2.948257681686 1.3120111621335 -2.1961817508261 FALSE ""
300 21 267 0.969144383934698 -3.81584970603136 0.859990635302423 -3.14558700113672 FALSE ""
700 29 268 4.16360827088354 -1.51944388781505 4.68720516234637 -0.590564985339036 FALSE ""
50 15 269 1.06544103074293 -3.27885059192641 0.813489411696255 -2.24733673308737 FALSE ""
50 10 270 1.0411678110427 -3.31784690460377 1.05005558017303 -2.11050708532275 FALSE ""
400 17 271 8.69829750516771 -1.47925348895471 9.21622177132144 -0.491780311726328 FALSE ""
800 43 272 1.29563321936202 -3.08914657501677 1.22816149835633 -1.68527434358472 FALSE ""
100 37 273 0.875390673919927 -2.82712184064119 0.779429057578086 -2.3085080805382 FALSE ""
300 4 274 1.10141681588678 -3.24426280981715 1.15880106746845 -2.28009193591414 FALSE ""
50 12 275 1.27782923925082 -3.23003769938956 2.0178394294195 -3.71067021870123 FALSE ""
800 26 276 1.20586334536473 -3.10024490832837 1.27481216207192 -2.09312814829045 FALSE ""
300 37 277 1.12581104770972 -2.74623799453528 1.39173706007358 -2.10610208180903 FALSE ""
200 11 278 1.12770139020192 -3.24617305644489 0.595504799296329 -0.965345082792733 FALSE ""
1000 36 279 1.27280927857696 -2.79669271310272 1.40044578974572 -1.82666406942783 FALSE ""
500 1 280 1.17889949626875 -3.27234044973929 1.18171982803482 -2.20660668101404 FALSE ""
800 17 281 1.18144139950256 -3.09268129112402 1.10033425440961 -1.84527589610674 FALSE ""
900 37 282 1.1474061771636 -2.90808625307508 1.16268120721417 -1.85933050763442 FALSE ""
900 36 283 1.24811247115265 -2.94205113543475 1.31671500750107 -1.97670768727218 FALSE ""
700 42 284 1.13582687647186 -3.00765070167357 1.13359869781875 -2.19005592845932 FALSE ""
500 8 285 1.01134437566854 -2.69669184267427 1.05156441241739 -1.9999245789333 FALSE ""
700 25 286 1.22217610678606 -3.553886604219 1.14043576795015 -2.22248317511015 FALSE ""
700 36 287 1.31838223086544 -2.97895101157523 1.29532663554612 -1.75430151421853 FALSE ""
700 48 288 1.06273860222849 -2.97453259576901 0.991668544932753 -1.74220490683558 FALSE ""
700 23 289 1.13687783054472 -3.04433065419664 1.0519874479771 -1.86387517003057 FALSE ""
50 9 290 0.799909960383209 -3.53079789175443 1.23550085475748 -3.75389863070691 FALSE ""
50 26 291 1.65616563584593 -7.22631274116794 -0.95218099274664 -2.47175676163322 FALSE ""
600 38 292 1.10213966833074 -3.11615855969368 1.08938277842593 -2.02175053992913 FALSE ""
600 22 293 8.42849462160951 -1.61291847043066 8.80872523512143 -0.330754190119182 FALSE ""
400 8 294 1.27877407220723 -3.22217439041219 1.12647693579243 -2.02350577265488 FALSE ""
700 19 295 1.17583617357519 -3.1750025458986 1.0829414666274 -2.2338522724706 FALSE ""
300 13 296 1.16058066439048 -3.81490213712334 0.786081046033874 -2.18374915518442 FALSE ""
100 16 297 0.994401640155025 -3.09208958731734 0.492330163958901 -1.8631858308441 FALSE ""
50 43 298 NA NA NA NA FALSE ""
600 25 299 11.1142632114829 -1.53484662088067 11.6081532930005 -0.43845634521996 FALSE ""
1000 3 300 1.26960019355109 -3.1344679529522 1.46097916732607 -2.25031602361756 FALSE ""
300 45 301 1.1177696866815 -3.32852847100536 1.13678195513625 -2.38440419781558 FALSE ""
700 32 302 1.14800717232749 -3.01835262696445 1.23395552299465 -2.17373808965076 FALSE ""
700 13 303 1.1812807233269 -3.23511702745902 1.05088645827072 -2.00562504664628 FALSE ""
900 34 304 1.18242396734691 -3.33857489911818 1.20891135579368 -2.40384140820537 FALSE ""
500 9 305 1.18089576817403 -2.66472095207799 1.32489781224876 -1.9103261089824 FALSE ""
300 12 306 1.14195757907354 -2.9857557363963 0.984259123578364 -1.70999385630482 FALSE ""
500 14 307 NA NA NA NA FALSE ""
400 15 308 12.9703754555948 -1.47785162865083 13.4981210591498 -0.465965434234541 FALSE ""
900 31 309 1.17928532996945 -3.19467472693052 1.20887976574745 -2.29141735355818 FALSE ""
200 48 310 1.35098855287341 -2.39736762694699 1.43210868776282 -1.62508627648524 FALSE ""
300 49 311 NA NA NA NA FALSE ""
900 17 312 1.22419333545922 -3.18447420511574 1.2151377668316 -2.11008731973505 FALSE ""
200 45 313 1.19753044596032 -3.00697847308545 1.15324473424371 -1.9762574927605 FALSE ""
50 32 314 1.19577318179131 -2.37215922530048 1.04404552450385 -1.34118121314838 FALSE ""
400 29 315 1.09084796590629 -3.06885177729977 0.914183820215576 -1.79640834966091 FALSE ""
800 34 316 1.25147539651707 -3.1421568707253 1.40512394662061 -2.31711175340539 FALSE ""
200 37 317 1.20346047454591 -3.42541483606436 1.13274967813523 -1.97576999588962 FALSE ""
100 42 318 0.774230717000071 -3.09034953356569 0.974676992292162 -2.3184185053801 FALSE ""
50 21 319 1.28581369126883 -5.38894170496513 0.0140458435824764 -2.09122561060271 FALSE ""
50 22 320 1.21087335484693 -5.15270294537072 1.52926346344124 -3.72764190426999 FALSE ""
500 25 321 1.24651230221041 -3.13772642073018 1.13054264460683 -1.84489233763058 FALSE ""
50 44 322 1.18076717907323 -4.18368687507638 1.5435295459622 -2.60437421213432 FALSE ""
200 6 323 NA NA NA NA FALSE ""
700 40 324 NA NA NA NA FALSE ""
400 42 325 0.969826959345512 -3.12476536902159 1.04251862353942 -2.38403719147618 FALSE ""
50 16 326 1.41505142896648 -2.3229113621952 1.50636641058017 -1.67987877661859 FALSE ""
200 3 327 1.15935267988436 -3.61617794409776 1.11579870837369 -2.37570616848132 FALSE ""
900 41 328 1.28481747360473 -2.94659940476786 1.23662267133838 -1.55149322112754 FALSE ""
100 47 329 0.925784705663642 -2.65837529719507 0.740252476436707 -1.6090775560536 FALSE ""
200 44 330 1.07320369789716 -2.69689081087661 1.16845577176058 -1.69135193430005 FALSE ""
700 18 331 5.50415337283596 -1.43227066764604 5.95265020881907 -0.403408084413253 FALSE ""
800 28 332 1.25733272452824 -3.33101374952598 1.07479506233402 -1.69274333538931 FALSE ""
700 3 333 1.15500672137508 -2.88903398551221 1.21943361479446 -1.80926118687294 FALSE ""
400 7 334 1.07345070816573 -3.2874221990761 0.912514481958549 -1.89556162725691 FALSE ""
800 25 335 1.13981152122796 -2.99037193681033 1.26888342833971 -2.20141859064032 FALSE ""
800 6 336 0.989089127332471 -3.07051622411399 1.05569491703446 -2.31600660918137 FALSE ""
900 14 337 1.04329390838726 -3.02696551743612 1.02350245398185 -1.89939788675823 FALSE ""
600 27 338 1.11073369625218 -3.02868461102441 1.25625126240694 -2.37798011572653 FALSE ""
200 41 339 12.7412728592117 -1.65794769676373 13.1017488939347 -0.314458445089089 FALSE ""
900 19 340 1.13559840356994 -3.08324750129202 1.20075456439185 -2.32885473852411 FALSE ""
300 36 341 1.02683749774537 -3.1769797039616 1.27411894733027 -2.75699248340519 FALSE ""
500 34 342 1.26915740266827 -3.06144703404728 1.15973619720024 -1.75181721380985 FALSE ""
1000 32 343 1.25366808343395 -2.61508065515253 1.24692170557226 -1.53634091171723 FALSE ""
600 1 344 1.26223241239962 -2.77408972262055 1.18283530315736 -1.6629882215882 FALSE ""
300 47 345 1.24560106724551 -3.42790165354609 1.32996121261633 -2.2348095311668 FALSE ""
600 10 346 1.10772328269055 -3.00516321987496 1.08771655413166 -2.0724785421411 FALSE ""
50 49 347 0.105390718431853 -2.3529294970939 0.669105906292302 -4.58742561206096 FALSE ""
1000 22 348 1.38754009131297 -2.74051720266259 1.47407468625027 -1.60463033844644 FALSE ""
900 21 349 1.15111931191116 -3.01035070521003 0.956636048873389 -1.68005546351576 FALSE ""
100 1 350 1.19419476994054 -3.90300252943372 0.916704340436496 -2.23311973021188 FALSE ""
100 3 351 NA NA NA NA FALSE ""
900 42 352 1.18808876867613 -3.06007360615834 1.21353292581166 -2.12179013356865 FALSE ""
800 16 353 1.2097447852731 -3.1256732649976 1.22669801337007 -2.1260926401177 FALSE ""
50 30 354 1.40708642810456 -2.26729718391926 1.1507646230577 -1.2176764485466 FALSE ""
500 48 355 1.31680642869854 -2.71885141115085 1.262590695568 -1.48652627972327 FALSE ""
800 2 356 1.34533535242632 -3.03157138486249 1.30459141262402 -1.70063885638788 FALSE ""
300 14 357 1.07532215810009 -2.32564593102776 1.36022372096852 -1.77849083364455 FALSE ""
500 41 358 1.04608145961332 -3.14731885640652 1.1154996435887 -2.25790863930604 FALSE ""
500 32 359 11.8681763024119 -1.55398052888063 12.4315143976886 -0.451060679169678 FALSE ""
700 50 360 1.22127395195396 -2.9435333636655 1.17882604312059 -1.98115748018348 FALSE ""
200 18 361 1.17455084933703 -3.03168411096964 1.74171115914002 -3.35442329281362 FALSE ""
900 35 362 1.16809214918191 -3.22750650180266 1.13972801405313 -2.17563705611374 FALSE ""
900 50 363 1.13126571248498 -2.98337610561721 1.27086398804027 -2.12632090739329 FALSE ""
400 30 364 1.0352527871177 -2.93710256804703 1.13179967135255 -2.1935860862115 FALSE ""
400 49 365 1.31653816212699 -2.96682933686658 1.4053920839757 -2.07837551592235 FALSE ""
900 23 366 1.16938948201741 -2.91956070600014 1.06025590329605 -1.59300755599531 FALSE ""
400 13 367 9.43906396101275 -1.64926456660807 9.82515422411573 -0.403769902158669 FALSE ""
300 6 368 1.11315695951876 -2.94164934961483 1.34209683812831 -2.48934478869098 FALSE ""
200 47 369 12.900650540377 -1.30910575563231 13.3975728816211 -0.497646751050811 FALSE ""
50 27 370 6.08535821737587 -1.39001824947755 6.79751532045938 -0.777528141691337 FALSE ""
1000 10 371 0.992918298302629 -3.11864043156883 0.990889906746261 -2.27505897716506 FALSE ""
1000 40 372 1.23629231634511 -2.90894843662604 1.25578252297374 -1.98850172858031 FALSE ""
1000 43 373 9.61231641760214 -1.43650158506022 10.0688622364509 -0.407239811011568 FALSE ""
1000 19 374 1.30225113943157 -2.88966973937425 1.45006973642432 -1.99733817292915 FALSE ""
400 46 375 1.08793312658362 -2.76018097817226 1.20709380990309 -2.00174781283113 FALSE ""
300 5 376 1.26197248585602 -3.31273268869331 1.23702519655745 -2.05146692999739 FALSE ""
50 2 377 1.47209799422832 -3.4924332988346 1.84740174379076 -3.71603904915579 FALSE ""
400 10 378 1.03058634076778 -2.89112693754343 1.25532077342857 -2.3794711942313 FALSE ""
600 48 379 1.14117775701964 -2.74745161846127 1.28306091535541 -2.01379373339479 FALSE ""
200 19 380 1.14317137767685 -3.50463733552512 1.46455149605859 -3.11982036597857 FALSE ""
100 45 381 1.25319239307845 -4.06043863749639 1.2373397874866 -3.2996631029018 FALSE ""
900 6 382 1.25282566016611 -2.96871672483644 1.27132122163218 -1.94639844139905 FALSE ""
800 15 383 1.26063645373972 -3.11072726374702 1.26027666805187 -2.14189131524472 FALSE ""
800 42 384 1.20434085129802 -3.3770741767801 1.00009466693804 -1.90078930098805 FALSE ""
50 4 385 NA NA NA NA FALSE ""
1000 33 386 1.00856740359306 -2.9756795210373 1.09209820175105 -2.28501448263982 FALSE ""
200 39 387 1.30374138767929 -2.80472615926917 1.2875001118569 -1.7430112513706 FALSE ""
200 14 388 NA NA NA NA FALSE ""
300 25 389 NA NA NA NA FALSE ""
900 28 390 1.32720730232556 -3.08508515152182 1.28311056997466 -1.77795666922532 FALSE ""
400 19 391 1.26200355576291 -3.17345819697601 1.26113797028013 -2.21147737643011 FALSE ""
900 4 392 1.25063640051113 -2.86616672771846 1.25194705567623 -1.69007441871888 FALSE ""
800 21 393 1.13814406027746 -3.08353919602443 1.15717752311325 -2.28037156896346 FALSE ""
900 12 394 1.31412319094754 -2.91019667460195 1.42219239207878 -2.01378681752181 FALSE ""
400 5 395 NA NA NA NA FALSE ""
400 43 396 1.14990359208301 -3.30489931992964 1.10892012501115 -2.2943780894575 FALSE ""
800 50 397 1.23479592420576 -3.31455231328884 1.29018983456021 -2.09335482817631 FALSE ""
100 43 398 1.17691227197736 -3.56121063504258 1.5812018491955 -2.92947924760195 FALSE ""
100 29 399 12.4614149692239 -1.67523689744631 12.9822512181017 -0.482110028147667 FALSE ""
900 47 400 1.3102189117223 -2.72006764462242 1.39064062628805 -1.69425175685155 FALSE ""
1000 39 401 1.20458355904522 -2.98457577717972 1.39970385666777 -2.13158811005739 FALSE ""
900 40 402 1.06285266120989 -2.8309773211535 1.08802639787423 -2.01822967711502 FALSE ""
1000 47 403 1.03789502443298 -2.8110535507066 0.867722284517461 -1.78202385637482 FALSE ""
800 4 404 1.09727814643831 -2.81714684676416 1.05892632891813 -1.93313693725253 FALSE ""
300 34 405 12.1193419382101 -1.60540606750992 12.5596956533411 -0.389352607441843 FALSE ""
700 49 406 1.19993678620932 -2.90127831190135 1.25958458739207 -1.99292707599386 FALSE ""
300 2 407 1.06476130876647 -2.93501689283995 0.854380851919277 -1.90117455942742 FALSE ""
400 50 408 1.22718119286958 -2.7452547743237 1.37582832843295 -2.09857318267744 FALSE ""
600 31 409 NA NA NA NA FALSE ""
900 18 410 1.29467081985656 -2.75476228866856 1.53546780268646 -2.03612883396538 FALSE ""
1000 46 411 1.23188727986366 -3.29524809769272 1.15012730983916 -1.96096736123097 FALSE ""
200 38 412 1.32935001202338 -3.26565327318639 1.11686226875423 -1.86477931151817 FALSE ""
900 32 413 1.09402790470024 -2.73807827052124 1.23243160035273 -2.02647209983137 FALSE ""
400 21 414 1.30298543137942 -3.04374609900584 1.05015401824977 -1.54368742291047 FALSE ""
600 39 415 1.24053330870716 -3.00838039730143 1.3407133057462 -2.08287408721739 FALSE ""
700 20 416 1.25944956573059 -2.86464210458424 1.48994515864556 -2.13627798197823 FALSE ""
600 7 417 1.21182304536622 -2.34230019832175 1.42463922355202 -1.5758307218565 FALSE ""
700 44 418 1.0652769796631 -3.03440263714258 1.11743265078866 -2.00928921286424 FALSE ""
300 26 419 5.93116039805307 -1.52568069876924 6.47696773276309 -0.583982142726312 FALSE ""
50 17 420 1.30031888705135 -2.16489892444363 1.50765746960858 -1.50947157005297 FALSE ""
1000 34 421 1.07485911377852 -3.09086792915448 0.948600996064216 -1.93246154267078 FALSE ""
300 10 422 1.34301558522903 -2.9474773048479 1.63464756856631 -2.36196388917139 FALSE ""
100 49 423 1.28911548073125 -3.16929118126802 1.70988238542501 -2.57873303588579 FALSE ""
500 38 424 1.20739928980535 -2.80803609462703 1.22533334516774 -1.84295631099286 FALSE ""
800 5 425 1.20200691428324 -2.93630130513264 1.50294497306954 -2.49077330461256 FALSE ""
100 19 426 37.3511283749324 1.38921302384771e-15 38.2477081572719 -2.01704720559143e-15 FALSE ""
900 49 427 1.13865133024956 -2.87189501285485 1.16597362466858 -1.77257822053943 FALSE ""
700 39 428 1.12853710579433 -2.92452417548522 1.24914856996459 -2.23858019432191 FALSE ""
100 33 429 2.86662834120557 -2.163925698776 3.28723160513123 -0.924837241733508 FALSE ""
50 19 430 1.43015765773912 -2.48115634951536 2.00253251373603 -2.21241392185656 FALSE ""
600 20 431 0.996494466872728 -3.0066940898383 1.29497386890946 -2.38992620770205 FALSE ""
50 6 432 NA NA NA NA FALSE ""
1000 38 433 1.24534717215073 -2.94638649078239 1.39769452500872 -2.10954110191744 FALSE ""
50 28 434 0.871816551836679 -4.11520589870877 1.44471113434707 -4.25100050792995 FALSE ""
600 13 435 1.23425025689381 -3.25892399536081 1.1863930345493 -2.22478054315659 FALSE ""
400 48 436 1.22528344281241 -3.93216816665957 1.02842893758781 -2.51813402595796 FALSE ""
200 50 437 5.81164657679185 -1.6762368452475 6.20153554887263 -0.426327847714576 FALSE ""
200 29 438 1.01775265761136 -2.54975371715905 1.62066208967521 -2.16675213715295 FALSE ""
300 48 439 1.30607229160157 -2.76462049754531 1.26313509581466 -1.33736985387471 FALSE ""
100 18 440 NA NA NA NA FALSE ""
200 7 441 1.12262551518554 -2.55561459923204 1.47481149839636 -2.09104711903082 FALSE ""
200 24 442 NA NA NA NA FALSE ""
700 46 443 1.15548196635151 -2.90648726007477 1.18003859575167 -1.97752122087653 FALSE ""
500 3 444 1.2094872032291 -3.21556464417023 1.3249884924326 -2.33525486454306 FALSE ""
800 20 445 1.27811078035267 -2.89243593758757 1.47341556610232 -2.0458493257824 FALSE ""
700 35 446 1.24092562742324 -2.86128987086651 1.07108152897611 -1.48252838553628 FALSE ""
100 46 447 0.915553281800521 -4.51869460558393 0.0373946374839298 -1.78108644593004 FALSE ""
400 25 448 1.40940964913302 -3.08342462380522 1.3119230655802 -1.67943604999244 FALSE ""
700 7 449 13.5872248492617 -1.45121200194868 14.0984070348871 -0.425041186932802 FALSE ""
100 32 450 1.44777439379813 -3.10462323343662 1.23813936016026 -1.90097119662842 FALSE ""
300 24 451 1.17342190715324 -2.83882038037666 1.05282190516085 -1.43011617986564 FALSE ""
400 41 452 1.24415705961174 -3.38200791038379 1.14662380273788 -2.12046543122736 FALSE ""
800 36 453 1.22510084733364 -2.67944769445749 1.45608053260318 -1.99937373825959 FALSE ""
100 27 454 0.957553937068192 -3.58350939405781 0.37424040295058 -1.52757337587441 FALSE ""
800 19 455 1.19223083256028 -3.04399576667487 1.33729427062289 -2.20408603796442 FALSE ""
500 5 456 1.19700793232637 -2.75381600099385 1.32456304733057 -2.07251140813041 FALSE ""
500 49 457 1.03683924211574 -2.8791662274418 1.27499439969657 -2.43145502371381 FALSE ""
500 19 458 1.17216521529734 -3.14901441221569 1.10571825477282 -2.10210381762155 FALSE ""
300 44 459 1.26103861552577 -3.3803935344388 1.19458762020646 -2.11115805218055 FALSE ""
100 25 460 NA NA NA NA FALSE ""
700 15 461 7.84391792784854 -1.65134993892417 8.28088689878465 -0.386678453024333 FALSE ""
900 44 462 NA NA NA NA FALSE ""
800 23 463 1.21839415181656 -3.24825415594634 1.29237643348906 -2.222651395051 FALSE ""
400 22 464 1.1663157769332 -2.58369012574358 1.18579992202473 -1.68087311200946 FALSE ""
800 11 465 1.28570788997649 -2.72831107845745 1.44933560308948 -1.99882565616156 FALSE ""
900 10 466 4.09521933508776 -1.61331327387112 4.57680589368545 -0.570790681897695 FALSE ""
400 28 467 1.20148126436666 -3.31595885080907 1.18070481836952 -2.53297549529454 FALSE ""
600 9 468 10.5353240080788 -1.33256080431678 11.1111372037508 -0.512704080767024 FALSE ""
600 35 469 1.05371910193349 -3.24368651560438 1.09033522271774 -2.16170433750011 FALSE ""
50 42 470 0.744631632924666 -2.58013665114882 1.57671522636312 -3.13417771842891 FALSE ""
900 16 471 1.30067864382845 -3.16979030394884 1.17943566565548 -1.76093901156418 FALSE ""
100 35 472 6.33140889414775 -1.04344290253532 7.3612986091449 -1.04267499868689 FALSE ""
50 23 473 1.47389196148974 -4.5698102416518 0.765752126055183 -2.18530542638431 FALSE ""
200 15 474 1.13741428741075 -2.95084322586061 1.03675203878865 -1.41970804614765 FALSE ""
100 4 475 NA NA NA NA FALSE ""
200 9 476 1.02997578670497 -3.41513926983475 1.13439666362836 -2.85294650037055 FALSE ""
1000 8 477 1.09622608740357 -2.92865838022938 0.980380364024096 -1.68075622550206 FALSE ""
300 38 478 3.44898146721795 -1.67456627422344 3.85699584419293 -0.60470074272282 FALSE ""
300 1 479 1.21884042565422 -3.14245659881338 1.19647903324743 -2.27924619969819 FALSE ""
200 10 480 4.21549980532911 -1.52705513473706 4.65917418267654 -0.516835496694274 FALSE ""
800 45 481 1.29870425450426 -3.2974973205213 1.30860618825592 -2.28681590023128 FALSE ""
600 19 482 1.02574467690432 -3.11703002073531 0.966242005553558 -2.02580697945859 FALSE ""
100 2 483 1.1597155942974 -3.8546830448214 1.3586627410147 -3.33816211231754 FALSE ""
500 16 484 1.17738530866091 -2.90972935542682 1.13121790797422 -1.77788363630911 FALSE ""
1000 18 485 1.23803947866936 -3.04256704655182 1.14593450551133 -1.70164973271211 FALSE ""
800 24 486 1.19288382913182 -3.17298362750776 1.3993247106097 -2.32218141595239 FALSE ""
300 41 487 1.12074077829819 -2.86522132027763 1.38769604072822 -2.32694826246937 FALSE ""
1000 5 488 1.25952243540792 -2.81755775868519 1.49570039416563 -2.25137612948906 FALSE ""
200 28 489 NA NA NA NA FALSE ""
50 38 490 1.3355796681842 -4.89526580997357 1.09308030484558 -3.14393525660409 FALSE ""
900 15 491 1.34661374833939 -2.91676593171266 1.36837163008472 -1.87081777403128 FALSE ""
400 45 492 1.2103563364337 -2.81426161206323 1.43574471641824 -2.27439155270141 FALSE ""
300 46 493 NA NA NA NA FALSE ""
300 7 494 13.0194069160278 -1.54950339681386 13.3684124989303 -0.293100426352961 FALSE ""
1000 6 495 NA NA NA NA FALSE ""
400 33 496 NA NA NA NA FALSE ""
700 10 497 3.96563731998884 -1.65395189500632 4.39976394918765 -0.559266325451488 FALSE ""
400 27 498 NA NA NA NA FALSE ""
700 33 499 1.26786823723427 -2.6768376237129 1.30795693625675 -1.73276692275699 FALSE ""
100 8 500 6.36172159378422 -1.23809394341446 7.0372330427202 -0.635372584612275 FALSE ""
400 18 501 5.61365801945015 -1.57065006089955 6.11785346468297 -0.533066614729406 FALSE ""
900 46 502 1.1137390987859 -3.05902047405976 1.2024331168788 -2.22281540590302 FALSE ""
50 50 503 1.27560620623726 -3.03476492091352 0.895854849357447 -1.54652519696698 FALSE ""
200 4 504 1.11085636925901 -2.46998193776129 1.09421557551758 -1.44642674205993 FALSE ""
300 42 505 1.21788124978628 -3.20704495823687 1.27478755229766 -2.17710833709595 FALSE ""
400 36 506 1.13784551146997 -3.01931622373617 1.19924508988809 -1.89070860213353 FALSE ""
200 26 507 1.05807282084256 -3.71417043736543 0.407538877117212 -1.40638226557614 FALSE ""
600 11 508 0.930008979222683 -3.00092718136439 0.886534367725802 -2.20012897075305 FALSE ""
1000 12 509 1.29108276254354 -2.94122872128431 1.41803895368306 -2.09097739696193 FALSE ""
100 26 510 0.445052360048298 -3.4584986087318 -0.129629837533931 -1.0427425127714 FALSE ""
900 38 511 1.23424886627857 -3.19522891243905 1.30337832439688 -2.15327107731167 FALSE ""
700 28 512 6.22605684933566 -1.56910307297996 6.73837950500539 -0.479365162304945 FALSE ""
500 12 513 1.13422291129368 -3.36511690708885 1.2576132756361 -2.27653365401851 FALSE ""
300 16 514 1.12023426561211 -2.94151438334915 1.22635182083242 -2.24662863875095 FALSE ""
800 18 515 1.08752899915727 -2.93200088496388 1.14764106103337 -1.90489108783253 FALSE ""
400 9 516 1.14372503716533 -3.36557179139332 1.22766262396966 -2.65308468368708 FALSE ""
200 36 517 1.02378041519872 -3.03212310681596 0.777068465789673 -1.99151286944752 FALSE ""
100 12 518 1.19944326632754 -4.80691156485514 0.778765853263106 -3.13947454819424 FALSE ""
100 5 519 1.09473210773522 -3.34717424835358 1.30314029191673 -3.56306104820149 FALSE ""
100 41 520 NA NA NA NA FALSE ""
200 34 521 1.18819190109132 -4.05313741809332 0.728518799240755 -2.30326087397542 FALSE ""
900 43 522 1.38619597693424 -2.88045135965726 1.44748380032393 -1.71029253674036 FALSE ""
600 12 523 1.31221446106921 -3.27642858711242 1.21772333754592 -1.83459731744036 FALSE ""
500 37 524 1.31530708657786 -3.13479576450921 1.16276235531453 -1.86277555046349 FALSE ""
200 32 525 1.1689232889338 -3.13246127895495 0.810204264585568 -1.51279697673554 FALSE ""
800 44 526 1.22423602278699 -2.84370050650037 1.43849909427928 -2.13362200580762 FALSE ""
200 23 527 1.28014151982906 -2.87348806615617 1.65617165535366 -2.47931948522559 FALSE ""
50 46 528 0.66493377460053 -2.53795045533506 1.2045343483223 -2.2090173086978 FALSE ""
500 39 529 1.15075049088146 -2.68278204421309 1.31555097748037 -1.9033795583703 FALSE ""
600 29 530 1.121602440029 -2.87042718022953 1.58696515410222 -2.64351104844442 FALSE ""
600 23 531 1.21000494488647 -3.17336623801997 1.30042059601253 -2.22402297569748 FALSE ""
1000 4 532 1.15587367683706 -3.20394695772952 1.10867051311148 -2.18097051059046 FALSE ""
100 28 533 1.26549483936717 -2.56744985499188 0.753050167565894 -0.743922738855189 FALSE ""
400 20 534 1.06820935433873 -3.06178095710738 0.976935571630591 -1.85840147907443 FALSE ""
600 8 535 1.09315579998836 -2.87482181315208 0.864909019969247 -1.40466361836026 FALSE ""
500 21 536 1.31257261711275 -2.68197442527385 1.28696687972013 -1.24926297780272 FALSE ""
1000 44 537 1.25190726983803 -2.56378899605402 1.2913872521626 -1.43685422382567 FALSE ""
600 28 538 1.17357697970869 -2.96645626880477 1.05498157570349 -1.62068931339178 FALSE ""
800 46 539 1.19068995813033 -3.06152262111875 1.26197841233886 -2.08781929750639 FALSE ""
200 16 540 1.05251551847988 -3.30723909327804 1.00642923665818 -2.69632856107361 FALSE ""
200 17 541 1.25799993955331 -2.90310075142274 1.5364016874436 -2.35546917987856 FALSE ""
400 32 542 1.16204557589627 -3.21686268917134 1.13655737058393 -1.83083021553821 FALSE ""
500 4 543 1.14405379173426 -2.83311729250904 1.0517989037094 -1.46965366302691 FALSE ""
50 48 544 11.6966628648413 -1.42653785537722 11.8917824349958 -0.1459528182322 FALSE ""
600 44 545 NA NA NA NA FALSE ""
400 14 546 13.232111368986 -1.68795368821366 13.7326749283486 -0.471413596559899 FALSE ""
700 17 547 1.11083230378823 -3.22370408015721 1.16961181901326 -2.55954591266273 FALSE ""
300 3 548 1.23481427383223 -2.43479755165133 1.35769254411034 -1.64486327014917 FALSE ""
200 33 549 1.27498105552451 -3.03002567416543 1.02851478715031 -1.6435111470163 FALSE ""
700 16 550 1.27684335694874 -2.89134240469316 1.31516687802972 -1.69071022284988 FALSE ""
